1	546285.429	1841998.166	510.369
2	551852.837	1841037.691	450.09
3	545018.73	1843963.409	773.66
4	545032.618	1844019.136	772.251
5	544982.775	1844021.953	771.301
6	545068.801	1844082.4	774.926
7	546247.999	1842548.222	523.791
8	547499.504	1842683.611	523.5
9	547528.161	1842347.184	510.145
10	547422.894	1841991.56	499.872
11	547644.249	1842059.54	503.524
12	547694.12	1841804.75	497.793
13	547660.902	1841573.828	494.441
14	547713.757	1841211.965	493.049
15	547847.72	1841200.56	495.374
16	548213.99	1841191.881	476.881
17	548292.681	1841321.495	474.309
18	546247.436	1842458.821	525.304
19	546688.778	1842637.359	511.088
20	546595.264	1842759.878	515.004
21	552102.2551	1838156.506	367.5309448
22	552102.2519	1838156.518	367.5253601
23	545394.4695	1843080.247	575.9765625
24	545394.0604	1843079.519	575.9666138
25	545389.4066	1843081.947	572.93927
26	545382.9045	1843085.36	575.4174194
27	545369.1928	1843122.207	576.7454834
28	545364.7713	1843125.774	576.5343018
29	545359.8004	1843126.941	576.8500977
30	545353.8624	1843126.404	576.859436
31	545349.2357	1843123.68	576.465332
32	545344.2744	1843122.852	578.848938
33	545337.7994	1843116.032	578.9175415
34	545311.8689	1843129.679	586.567627
35	545367.6466	1843189.413	581.5472412
36	545372.5572	1843186.514	581.2927856
37	545374.3337	1843180.769	580.4881592
38	545374.7895	1843175.128	579.887146
39	545376.4648	1843170.351	579.6553345
40	545376.4258	1843164.608	579.0261841
41	545377.6852	1843158.802	578.9342041
42	545381.867	1843155.063	578.9212646
43	545386.7828	1843152.792	579.4833374
44	545393.3255	1843149.355	580.0012817
45	545394.7639	1843144.149	580.4848022
46	545392.8132	1843139.059	581.4718018
47	545390.9381	1843119.093	582.6702881
48	545388.1174	1843114.359	585.6791992
49	545393.2763	1843117.128	586.0965576
50	545399.1695	1843117.147	587.2825928
51	545404.2547	1843118.983	588.3642578
52	545409.0148	1843121.645	589.388916
53	545412.9569	1843125.266	590.475708
54	545417.943	1843128.011	591.2200928
55	545422.4153	1843130.629	592.2695923
56	545427.5258	1843133.052	593.293396
57	545432.2602	1843135.308	594.4158325
58	545436.8266	1843137.78	595.3695068
59	545441.7181	1843140.883	596.6099243
60	545446.9156	1843144.032	597.5910034
61	545452.0555	1843142.673	599.3853149
62	545454.826	1843137.519	599.7298584
63	545456.192	1843132.217	599.7902832
64	545458.1886	1843127.32	599.222168
65	545461.3904	1843122.97	598.5491943
66	545464.9737	1843118.803	598.2866211
67	545466.2157	1843113.622	597.262085
68	545466.8707	1843108.605	596.2978516
69	545469.4908	1843103.913	595.1289063
70	545469.414	1843098.416	593.7652588
71	545468.1727	1843092.802	592.5789795
72	545464.0797	1843089.412	592.0506592
73	545460.8854	1843085.256	591.0680542
74	545457.7748	1843080.862	589.7716064
75	545453.3223	1843076.977	588.5084839
76	545449.0515	1843073.44	587.6773071
77	545444.758	1843069.52	586.5184937
78	545436.1037	1843064.751	584.0644531
79	545430.1876	1843062.936	582.7302856
80	545426.3196	1843059.567	580.7238159
81	545420.9995	1843058.855	579.451355
82	545417.4028	1843051.282	577.2662354
83	545412.3221	1843046.35	572.5696411
84	545407.8887	1843048.994	572.9127808
85	545404.2637	1843052.728	573.4223633
86	545401.7813	1843057.379	573.8685913
87	545399.2055	1843061.761	574.2788086
88	545396.9236	1843066.902	574.7042847
89	545430.2837	1843008.742	565.2293091
90	545430.3261	1843008.753	565.2236938
91	545430.3004	1843008.751	565.2293091
92	545431.491	1843016.332	566.2407227
93	545433.5856	1843025.139	567.0339966
94	545434.5293	1843031.874	569.7171021
95	545436.4368	1843034.169	570.6306763
96	545437.8188	1843036.861	571.6791992
97	545439.5467	1843041.807	573.6813354
98	545441.2249	1843045.062	574.2865601
99	545443.6375	1843049.717	577.4416504
100	545445.2411	1843054.492	579.3782959
101	545446.985	1843061.043	582.8285522
102	545449.0568	1843066.905	584.5158081
103	545449.4328	1843070.228	585.7041626
104	545449.4103	1843074.041	587.0106201
105	545608.8214	1842932.429	582.6781006
106	545608.8525	1842932.459	582.6881714
107	545613.9873	1842970.176	587.9896851
108	545619.3541	1842967.751	587.996521
109	545621.9271	1842966.816	585.7958984
110	545629.9161	1842965.055	587.1242065
111	545633.1324	1842964.654	586.5057373
112	545641.6361	1842964.364	585.3136597
113	545644.3589	1842964.064	584.1419678
114	545649.3905	1842963.222	582.1665039
115	545655.8299	1842963.107	578.9658203
116	545660.5059	1842962.426	575.6316528
117	545660.1378	1842959.239	575.2008057
118	546002.2702	1842805.905	577.4352417
119	546004.3375	1842800.928	577.4873047
120	546006.7156	1842795.575	577.3825684
121	546010.1987	1842791.766	577.3418579
122	546012.6912	1842787.176	577.7963257
123	546014.1929	1842781.868	578.7905884
124	546017.6887	1842785.896	577.0897217
125	546019.8974	1842791.018	574.7303467
126	546022.0099	1842795.983	573.0623169
127	546027.2911	1842796.572	571.5639648
128	546028.7251	1842801.513	568.4597778
129	546026.9687	1842806.827	569.3325195
130	546025.9914	1842812.622	570.649292
131	546025.0129	1842817.879	572.5587158
132	546024.0542	1842823.511	574.7300415
133	546017.4883	1842829.499	578.0715942
134	546011.6539	1842830.675	579.0701294
135	546006.0856	1842830.119	579.1661987
136	546001.528	1842827.647	578.6361084
137	545998.882	1842822.863	577.9187012
138	545998.2397	1842817.53	577.6643066
139	545999.0379	1842812.133	577.696106
140	545782.3894	1842907.714	576.300354
141	545778.5759	1842902.482	574.3214111
142	545775.534	1842898.395	572.5395508
143	545772.0643	1842894.526	570.0541382
144	545771.4138	1842889.518	567.8935547
145	545768.6811	1842885.301	567.7978516
146	545765.3088	1842881.534	565.8325806
147	545763.2966	1842876.306	563.6506348
148	545761.5801	1842871.106	561.0943604
149	545757.8881	1842867.113	559.6116943
150	545754.1405	1842863.592	558.6495972
151	545751.021	1842859.127	557.4214478
152	545748.2787	1842854.782	556.3430786
153	545750.983	1842859.633	557.5536499
154	545753.5634	1842864.296	558.6368408
155	545757.2848	1842867.856	559.7073364
156	545759.3917	1842872.401	561.5230103
157	545763.1119	1842876.225	563.2537231
158	545764.6922	1842881.405	565.3613281
159	545771.0395	1842891.283	567.8847046
160	545781.4843	1842908.511	576.3656616
161	545660.1657	1842959.656	575.1962891
162	545651.4721	1842932.402	570.3763428
163	545646.3981	1842931.959	570.973877
164	545630.2056	1842927.924	575.5460815
165	545619.6382	1842926.507	580.0335083
166	545617.1081	1842921.339	580.1329346
167	545617.0974	1842917.964	579.5811157
168	545659.3733	1842959.366	575.2410278
169	545672.5096	1842952.457	578.8551636
170	545672.6937	1842952.499	578.9192505
171	545677.8218	1842949.929	579.310791
172	545683.4537	1842947.608	579.1192627
173	545689.5998	1842946.655	577.9443359
174	545695.4098	1842946.479	576.4511719
175	545700.1027	1842949.332	574.9788818
176	545707.4633	1842960.408	573.0257568
177	545712.2594	1842962.939	572.8306885
178	545717.4878	1842963.508	573.4537964
179	545734.8152	1842962.054	574.8175049
180	545747.4655	1842949.009	574.6309814
181	545747.4542	1842942.981	574.3514404
182	545747.7759	1842937.844	574.1732788
183	545749.5438	1842933.066	574.1798706
184	545752.724	1842928.872	574.4195557
185	545757.736	1842926.176	575.4853516
186	545762.4011	1842923.349	576.7996826
187	545766.4209	1842920.079	577.2637329
188	545770.7714	1842916.611	577.4781494
189	545775.59	1842913.112	577.4736328
190	545780.1348	1842909.598	576.7606812
191	546030.5012	1842715.5	581.1502686
192	546034.18	1842737.198	582.6884155
193	546032.8132	1842731.493	582.8874512
194	546031.831	1842726.323	582.6677246
195	546030.2392	1842721.183	582.1779175
196	546028.3248	1842715.861	581.6919556
197	546026.6423	1842710.676	581.0864258
198	546024.3504	1842705.744	580.6968994
199	546022.666	1842700.312	580.0093384
200	546016.1783	1842681.181	579.6271973
201	546014.7661	1842676.368	580.1918335
202	546009.1954	1842659.833	582.9469604
203	546008.7354	1842654.735	583.6981201
204	546008.0438	1842647.446	584.7702026
205	546007.1082	1842642.213	585.8566284
206	546003.0264	1842636.822	586.7573853
207	546008.2246	1842636.156	586.5101318
208	546012.5379	1842639.143	585.4677124
209	546018.4363	1842639.86	584.1049194
210	546024.1177	1842638.134	583.1616211
211	546029.3956	1842635.947	582.3869629
212	546057.6842	1842649.25	564.6389771
213	546055.2065	1842654.287	562.8465576
214	546051.7338	1842658.851	562.4966431
215	546050.6092	1842672.253	563.1866455
216	546049.9841	1842679.413	564.4350586
217	546052.317	1842684.477	564.4006958
218	546055.4467	1842688.838	565.1400146
219	546057.6247	1842695.911	567.2186279
220	546057.6057	1842701.222	569.9012451
221	546057.3197	1842712.676	573.6901245
222	546057.9526	1842717.858	574.9535522
223	546058.2223	1842725.563	576.2515869
224	546057.7353	1842730.827	576.6602173
225	546044.458	1842738.343	580.7442017
226	546038.9953	1842737.936	582.0487671
227	546266.1753	1842311.745	513.3435669
228	551716.1021	1838373.173	388.2857361
229	551716.0968	1838373.175	388.2734375
230	551720.932	1838376.814	389.4307251
231	551720.9335	1838376.811	389.4249573
232	546242.0906	1842395.398	521.4641724
233	546249.1867	1842394.926	520.1345215
234	546253.7649	1842397.746	519.8984985
235	546266.23	1842394.68	517.6993408
236	546250.7754	1842374.957	517.4110107
237	546243.6362	1842374.093	517.9185791
238	546055.8609	1842735.866	577.9145508
239	546058.7006	1842735.28	577.0330811
240	546064.7393	1842737.089	574.0737915
241	546074.8238	1842745.282	567.1169434
242	546079.4626	1842750.226	562.980896
243	546083.8734	1842758.481	558.2955322
244	546070.7049	1842765.586	561.9981079
245	546028.1966	1842797.278	570.864502
246	546022.055	1842794.741	573.9482422
247	546016.7559	1842783.88	578.4124146
248	546014.9222	1842778.568	580.1135864
249	546023.0606	1842769.849	580.8800659
250	546029.9916	1842756.217	582.3375854
251	546036.5355	1842739.08	583.3424072
252	546039.4718	1842738.215	582.616272
253	546031.8182	1842730.454	583.4573364
254	546029.5704	1842728.149	583.6333008
255	546020.3011	1842727.628	584.5592041
256	546008.9323	1842725.209	584.2348022
257	545994.787	1842723.255	581.9306641
258	546016.3483	1842781.033	579.1513672
259	546006.419	1842775.449	581.788208
260	545996.302	1842774.321	582.4313354
261	545989.0398	1842771.463	582.5349121
262	545977.3969	1842773.982	580.0606689
263	545967.3329	1842777.833	575.9358521
264	545959.2946	1842779.652	571.4180908
265	545949.1605	1842778.942	568.0233765
266	545940.7379	1842782.371	563.5241699
267	545930.3715	1842790.364	555.5268555
268	546115.7291	1842714.449	550.2303467
269	546115.7248	1842714.455	550.1952515
270	546116.8884	1842718.912	549.5869751
271	546118.3544	1842721.223	549.128479
272	546108.0857	1842730.525	557.0927734
273	546104.8725	1842742.001	557.4664917
274	546085.0373	1842757.909	557.8349609
275	546081.6811	1842753.737	560.6901245
276	546063.3913	1842737.449	574.1283569
277	546058.8305	1842735.88	576.8247681
278	546059.0081	1842728.737	576.2106323
279	546056.7961	1842710.37	572.9631958
280	546057.4476	1842697.159	567.7868652
281	546069.1886	1842700.01	564.9433594
282	546092.1536	1842709.074	559.505188
283	546088.244	1842716.102	562.9782715
284	546080.8861	1842722.501	566.6912231
285	546078.7688	1842724.949	566.9812622
286	546073.4182	1842727.526	570.5803833
287	546070.357	1842732.385	571.9299316
288	546075.3287	1842733.859	569.7194824
289	546076.4162	1842740.924	566.9642334
290	546079.1906	1842741.422	565.5792847
291	546083.048	1842742.727	563.2757568
292	546083.5111	1842747.047	561.7462158
293	546082.7663	1842752.552	560.6020508
294	546092.9496	1842750.637	556.4498901
295	546093.3513	1842744.011	557.4417725
296	546094.9776	1842736.815	558.7017822
297	546096.3348	1842729.299	559.5299683
298	546103.0436	1842718.711	556.4378052
299	546103.6776	1842711.642	555.1834717
300	546112.4006	1842711.704	551.3631592
301	546741.5877	1842477.996	505.4877014
302	546738.8881	1842480.309	504.9449768
303	546737.8271	1842481.128	505.5518799
304	546738.5801	1842485.528	505.4020691
305	546743.6134	1842488.108	505.1274414
306	546743.732	1842488.016	504.8899231
307	546745.2604	1842491.967	504.888855
308	546744.9509	1842492.06	505.0873718
309	546747.1411	1842502.572	505.1029968
310	546748.8548	1842508.636	505.407135
311	546749.1146	1842508.368	505.3744202
312	546754.1082	1842510.596	505.3467102
313	546763.9624	1842510.063	505.797699
314	546767.7483	1842508.967	505.6960754
315	546767.0336	1842507.987	505.0097656
316	546748.6362	1842509.076	505.6184387
317	546748.278	1842508.48	504.9685364
318	546735.4057	1842509.25	505.5099792
319	546722.809	1842508.826	505.5011292
320	546714.1861	1842508.243	505.5163879
321	546701.8029	1842507.268	505.5488586
322	546702.1325	1842506.773	504.9385376
323	546701.9483	1842501.798	505.4941711
324	546703.0212	1842498.465	505.2409668
325	546703.3715	1842498.767	504.8713684
326	546706.5443	1842492.271	505.0284424
327	546708.2431	1842485.187	505.0418701
328	546711.3123	1842476.28	505.0714111
329	546711.5082	1842472.594	505.1732788
330	546712.2613	1842473.048	504.9502258
331	546713.0749	1842472.235	505.4378967
332	546717.3691	1842476.263	505.4909363
333	546720.8619	1842477.994	505.4684448
334	546723.1349	1842479.016	505.4779358
335	546726.1243	1842480.207	505.4794312
336	546728.2494	1842482.058	505.4067993
337	546730.9149	1842485.02	505.329071
338	546732.9209	1842486.175	505.4206238
339	546735.2744	1842486.491	505.4267883
340	546738.4571	1842485.656	505.4393616
341	546738.3217	1842486.114	504.9438477
342	546742.6801	1842487.619	505.1086731
343	546742.69	1842487.975	504.9898682
344	546744.3571	1842490.446	504.9784546
345	546744.7231	1842490.404	505.1099243
346	546743.697	1842488.417	505.1599426
347	546737.8151	1842484.173	505.5293579
348	546737.5977	1842482.107	505.5509338
349	546738.2297	1842480.443	505.5708618
350	546739.5353	1842478.994	505.5372009
351	546740.7706	1842477.991	505.5247498
352	546740.969	1842478.462	504.9703369
353	546744.8704	1842477.272	505.4510193
354	546746.7783	1842476.969	505.5671692
355	546750.4006	1842475.102	505.1434021
356	546750.3089	1842475.592	504.9451904
357	546753.9409	1842480.933	505.1741028
358	546753.5516	1842480.943	504.9725037
359	546757.8408	1842487.715	505.1669006
360	546757.7319	1842488.235	504.7966919
361	546761.623	1842494.61	504.9493103
362	546762.0349	1842494.55	505.2007751
363	546765.3532	1842501.877	505.1904907
364	546767.6842	1842507.538	505.3953247
365	547056.5411	1842231.009	500.6700439
366	547066.0038	1842236.325	501.0068359
367	547078.5351	1842243.209	501.2349854
368	547085.9167	1842242.752	501.7711487
369	547091.704	1842241.567	501.8832397
370	547100.2452	1842238.19	502.8088379
371	547106.2185	1842230.594	502.9575195
372	547114.788	1842221.188	503.449585
373	547130.5366	1842217.382	501.7152405
374	547135.1834	1842214.395	501.5990601
375	547140.3138	1842207.882	500.5689697
376	547143.484	1842204.043	501.1652832
377	547145.0782	1842201.881	501.1513367
378	547146.9153	1842198.407	501.4743042
379	547147.9017	1842188.942	500.6490784
380	547147.4721	1842179.688	501.6957397
381	547147.1036	1842177.511	501.7592468
382	547143.2333	1842168.496	500.8526917
383	547133.4583	1842163.072	500.3012085
384	547126.8521	1842167.91	499.4348755
385	547127.3461	1842168.334	499.2010803
386	547128.7342	1842168.689	500.4635315
387	547132.1412	1842172.081	501.0180664
388	547134.8144	1842175.458	501.5412903
389	547133.2209	1842184.487	501.3645935
390	547132.1743	1842188.413	501.6896667
391	547125.2091	1842191.617	501.3575439
392	547119.0226	1842194.78	500.6014099
393	547112.8257	1842197.368	500.639801
394	547108.1974	1842200.685	500.5930176
395	547106.8599	1842202.543	500.8905029
396	547099.3387	1842206.348	501.7331848
397	547092.8034	1842204.204	500.4421387
398	547091.1483	1842204.505	500.5243225
399	547085.879	1842209.214	500.5725403
400	547084.0107	1842213.782	500.3351135
401	547082.2291	1842216.75	500.2659912
402	547078.3414	1842218.002	500.5435486
403	547080.1846	1842220.918	501.228241
404	547071.2338	1842227.211	500.5490112
405	547071.1795	1842231.019	500.1607056
406	547078.929	1842229.151	501.6877441
407	547082.2737	1842237.078	502.4749756
408	547091.4768	1842234.381	502.6763306
409	547089.2056	1842231.067	501.9169617
410	547085.731	1842224.014	502.5045166
411	547092.5914	1842216.635	502.8146973
412	547093.7517	1842226.844	503.007843
413	547101.7782	1842212.17	503.1664124
414	547104.7693	1842215.472	503.2698975
415	547110.0325	1842210.623	502.9394531
416	547110.6603	1842205.564	502.6462402
417	547117.4459	1842209.28	502.7102966
418	547125.7945	1842211.443	502.4483032
419	547122.4806	1842197.317	502.4942322
420	547131.3239	1842190.949	502.1135559
421	547137.5227	1842200.01	501.5752258
422	547141.8097	1842203.853	501.2174377
423	547140.6059	1842191.624	501.7081604
424	547140.2698	1842185.421	501.8821716
425	547140.2112	1842185.38	501.8942871
426	547139.3242	1842177.984	502.2382813
427	547143.9255	1842176.76	502.1524963
428	547124.4349	1842219.385	502.1793518
429	547124.9185	1842229.312	501.9079285
430	547124.5301	1842258.196	502.1233521
431	547124.9373	1842260.237	501.9614563
432	547127.1307	1842264.953	501.8066711
433	547128.9361	1842268.081	501.7792664
434	547130.7833	1842271.092	501.8323669
435	547133.3405	1842275.254	501.9518738
436	547134.4872	1842276.72	502.0392456
437	547106.6663	1842263.845	502.0922852
438	547096.0493	1842261.499	501.0510559
439	547082.2029	1842256.942	501.0481873
440	547079.7819	1842243.28	501.2730408
441	547118.8717	1842227.258	502.6060791
442	547114.985	1842231.899	502.7060547
443	547108.3943	1842233.11	502.5923767
444	547103.7541	1842240.832	501.8740845
445	547096.8589	1842243.211	501.4308167
446	546912.0703	1842355.947	503.182251
447	546911.7517	1842359.164	502.6905212
448	546912.9226	1842365.548	502.0814209
449	546912.7197	1842370.978	502.2047119
450	546915.5268	1842376.969	501.618927
451	546921.0815	1842371.968	501.3165588
452	546923.9242	1842364.271	501.9475403
453	546921.7516	1842360.76	502.539032
454	546920.7365	1842356.72	501.6847229
455	546920.2402	1842352.988	502.5690613
456	546920.5044	1842351.233	502.0911255
457	546927.7756	1842352.872	501.6785278
458	546923.9272	1842358.057	501.6752319
459	546924.7467	1842357.918	500.7883301
460	546927.2045	1842361.269	501.5161743
461	546929.8211	1842363.182	501.5610352
462	546935.9229	1842369.803	501.937561
463	546938.8358	1842373.32	501.4639282
464	546935.1555	1842372.449	502.5300293
465	546930.5988	1842368.471	503.0163269
466	546928.2522	1842366.011	503.05896
467	546926.7019	1842363.733	500.688446
468	546924.5995	1842363.254	501.9984131
469	546924.7054	1842365.517	500.714447
470	546921.8446	1842369.344	501.6184082
471	546916.8863	1842375.742	501.698761
472	546914.4233	1842381.535	501.3869324
473	546912.1795	1842380.804	501.1932678
474	546907.9566	1842383.652	502.0280762
475	546906.1068	1842384.697	502.0310669
476	546902.4966	1842386.394	502.0548706
477	546898.5973	1842388.072	501.9493408
478	546894.0125	1842392.002	501.7155457
479	546888.8016	1842394.464	501.8919678
480	546885.1119	1842395.907	501.5393677
481	546881.3634	1842396.422	501.6068115
482	546878.552	1842391.917	502.1213989
483	546873.9658	1842390.188	502.0039368
484	546868.7179	1842386.71	502.2349243
485	546863.1015	1842381.986	502.1506958
486	546863.7358	1842378.283	502.6152039
487	546869.1821	1842373.552	502.3665771
488	546871.6215	1842370.252	502.5482483
489	546870.3828	1842367.496	502.8094482
490	547443.1019	1841850.957	500.3336487
491	547443.136	1841850.957	500.3422546
492	547441.4834	1841888.33	500.3570557
493	547440.308	1841925.002	499.9367981
494	547475.0537	1841926.725	500.2606812
495	546286.7182	1842282.658	512.1630249
496	546284.6297	1842281.634	512.2246094
497	546285.7954	1842282.245	512.1844482
498	547532.7492	1841909.128	500.3982849
499	547545.4722	1841966.209	500.1023254
500	547547.0152	1841978.39	500.1528015
501	547548.4473	1841989.566	500.5535583
502	547547.2533	1841999.706	500.8508606
503	547544.3853	1842007.667	501.2400818
504	547543.3179	1842010.327	501.2229614
505	547540.1898	1842022.451	501.5773621
506	547538.1137	1842033.567	501.9090271
507	543555.2759	1844719.77	740.8248291
508	543575.3901	1844719.451	741.9431152
509	543575.7545	1844691.609	742.4210815
510	543555.2789	1844686.685	741.6470947
511	543551.4152	1844690.062	740.9776001
512	543552.2129	1844699.955	740.9259644
513	543529.2412	1844701.417	740.673645
514	543529.6637	1844724.244	741.5603638
515	543510.0285	1844726.069	741.0958862
516	543507.4013	1844703.351	740.4780884
517	543507.1152	1844697.749	740.1747437
518	543480.7869	1844701.318	740.5200806
519	543487.1797	1844728.992	740.0656128
520	543474.2963	1844726.504	739.8848877
521	543441.1574	1844710.595	740.3764038
522	543443.3179	1844691.576	742.536377
523	543478.7844	1844689.146	741.9451294
524	543485.2325	1844675.299	742.2932739
525	1844673.565	1.1774603	543504.9272
526	1844673.511	1.1685965	543505.0873
527	1844673.511	1.168542	543505.0926
528	543530.0535	1844671.518	741.6504517
529	1844671.473	1.3176433	543530.2136
530	1844676.694	1.2712847	543544.799
531	543552.8464	1844681.838	741.0744019
532	543580.2282	1844694.485	741.8870239
533	543575.9663	1844689.754	742.7119751
534	543562.6197	1844685.375	744.3424072
535	543556.9675	1844681.434	743.15979
536	543549.0278	1844673.697	743.2111206
537	543530.8902	1844668.189	742.7797241
538	543517.7341	1844668.66	743.1240845
539	543513.3689	1844661.273	745.7313843
540	543498.5058	1844659.863	745.5394897
541	543487.4354	1844664.767	746.0545044
542	543476.6703	1844680.401	743.9838257
543	543475.9246	1844686.683	742.4891357
544	543444.4371	1844685.681	742.0550537
545	543439.7529	1844690.279	741.9608154
546	543439.0467	1844695.529	742.380249
547	543437.2749	1844711.743	739.8041382
548	545846.2076	1843027.812	617.4017944
549	546003.4992	1842777.588	581.1691284
550	546003.497	1842777.595	581.1676025
551	546001.0766	1842774.716	582.0222778
552	546001.22	1842774.006	582.5510254
553	545999.5147	1842769.942	583.4685059
554	545997.4202	1842766.285	584.1918945
555	545995.7046	1842763.04	584.6730957
556	545993.9507	1842759.744	585.0073242
557	545992.0616	1842756.276	584.7653809
558	545990.0836	1842752.522	584.1132202
559	545988.4196	1842749.535	583.4393311
560	545987.1447	1842747.184	582.8154297
561	545986.0476	1842744.965	582.1431274
562	545985.0201	1842743.136	581.7472534
563	545983.8969	1842741.157	581.1193237
564	545982.7534	1842738.699	580.4827271
565	545980.948	1842735.494	579.538147
566	545979.3002	1842732.428	578.4615479
567	545977.7916	1842729.597	577.552124
568	545980.6955	1842727.974	578.5003052
569	545982.7883	1842731.41	579.5361328
570	545984.5743	1842734.713	580.6000366
571	545986.1194	1842737.906	581.4404907
572	545988.2571	1842740.846	582.4865112
573	545989.1916	1842743.742	582.9417725
574	545990.9462	1842746.748	583.7832031
575	545992.3026	1842749.909	584.4281616
576	545993.7048	1842752.617	584.8886719
577	545995.1756	1842755.655	585.3673096
578	545996.6187	1842758.646	585.4740601
579	545998.4373	1842761.61	585.1356812
580	546000.0538	1842764.844	584.6192017
581	546002.4078	1842768.848	583.793457
582	546004.1754	1842772.215	582.7453003
583	546006.1462	1842774.855	582.0418701
584	546006.2329	1842775.679	581.4553833
585	546006.4324	1842776.167	581.3742676
586	546010.2114	1842777.717	580.6066284
587	546009.8657	1842774.366	581.8891602
588	546008.5189	1842771.227	582.7466431
589	546006.514	1842768.593	583.6349487
590	546004.0642	1842764.988	584.656189
591	546002.253	1842762.015	585.2700806
592	546000.8649	1842758.764	585.6842651
593	545998.7455	1842755.746	585.8561401
594	545997.0878	1842752.836	585.4955444
595	545995.3956	1842749.582	584.8824463
596	545994.3194	1842746.616	584.5742798
597	545992.6996	1842742.937	583.8545532
598	545991.3485	1842738.811	582.7947998
599	545988.8499	1842736.044	581.9863281
600	545986.5485	1842733.334	580.8796387
601	545985.4339	1842729.866	580.1497192
602	545982.9854	1842726.61	579.1734619
603	545986.0698	1842724.825	579.7195435
604	545988.1283	1842727.897	580.7177734
605	545990.1074	1842731.186	581.5921631
606	545991.6761	1842734.796	582.3274536
607	545994.6966	1842737.926	583.5957642
608	545995.9637	1842741.433	584.3986816
609	545998.131	1842745.475	585.0829468
610	545998.0872	1842748.467	585.3418579
611	546000.0585	1842752.365	585.8641968
612	546002.3646	1842755.849	586.0706177
613	546004.6162	1842758.338	585.8926392
614	546006.5129	1842761.723	585.1191406
615	546008.6908	1842765.272	584.3241577
616	546010.6515	1842768.117	583.3916626
617	546011.8034	1842770.624	582.5918579
618	546012.9056	1842772.918	581.6954346
619	546016.1881	1842771.327	581.901123
620	546019.2303	1842769.786	581.5701904
621	546022.6731	1842768.039	581.2164917
622	546025.8209	1842766.533	581.0365601
623	546026.8048	1842767.327	580.3156128
624	546029.2615	1842764.771	580.1263428
625	546028.4672	1842764.116	580.3638306
626	546027.4002	1842763.322	581.4597168
627	546031.9407	1842763.43	579.4694824
628	546035.6939	1842761.643	578.4591064
629	546038.9677	1842760.064	577.7078247
630	546042.0911	1842758.502	576.8967896
631	546045.7518	1842756.615	576.0342407
632	546049.4912	1842754.782	575.0911865
633	546053.8074	1842752.599	573.6991577
634	546051.9462	1842749.138	575.7300415
635	546048.1567	1842751.429	576.6763916
636	546044.2059	1842753.315	576.7085571
637	546040.3415	1842755.22	578.7368774
638	546036.5543	1842756.932	579.6641846
639	546033.2153	1842759.057	580.288269
640	546029.6388	1842761.017	580.7562866
641	546025.9962	1842761.448	581.6755981
642	546023.0692	1842764.928	581.8696289
643	546025.9357	1842757.394	582.9797363
644	546021.7036	1842760.111	581.0236206
645	546017.9539	1842764.718	583.2201538
646	546015.0831	1842768.831	582.6796265
647	546013.8662	1842766.272	583.2504272
648	546014.9725	1842762.309	584.6776733
649	546015.3877	1842754.832	585.2971802
650	546010.3127	1842760.578	585.1033325
651	546008.0274	1842756.4	585.9252319
652	546005.2645	1842754.043	586.2200317
653	546003.0644	1842750.864	585.9506836
654	546001.9462	1842747.592	585.6677856
655	546000.3661	1842744.799	585.4592896
656	545998.8411	1842741.67	584.8616943
657	545997.8917	1842738.727	584.2672119
658	545996.6059	1842735	583.5942383
659	545994.7707	1842732.283	582.8164673
660	545992.7641	1842728.903	581.7307739
661	545991.2695	1842726.029	581.2911377
662	545989.323	1842722.971	580.355957
663	545992.4342	1842721.121	580.99646
664	545994.4245	1842724.645	581.7659302
665	545995.8529	1842719.194	581.4434204
666	545999.354	1842717.095	581.869873
667	546002.5174	1842715.314	582.1307373
668	546005.795	1842713.462	582.437561
669	546009.1614	1842711.501	582.4268799
670	546012.5619	1842709.6	582.3325195
671	546016.0021	1842707.525	582.0919189
672	546019.4675	1842705.649	581.5471191
673	546022.8051	1842703.705	580.8151855
674	546026.4439	1842701.584	579.8972168
675	546028.2957	1842704.985	580.078064
676	546024.8003	1842706.926	581.0408936
677	546021.2289	1842708.969	581.847229
678	546017.8714	1842711.248	582.3635254
679	546013.7197	1842713.311	582.6860352
680	546010.282	1842715.201	582.8813477
681	546006.7537	1842717.047	582.8255615
682	546003.2318	1842718.874	582.6132813
683	546000.0427	1842720.735	582.3911133
684	545997.0388	1842722.764	581.994873
685	545996.5507	1842727.45	582.4767456
686	546000.2017	1842725.127	582.9251099
687	546003.5158	1842722.714	583.1089478
688	546006.4633	1842721.092	583.2130127
689	546010.0603	1842719.035	583.177002
690	546013.5327	1842717.393	583.1512451
691	546016.7773	1842715.555	582.8690186
692	546020.5408	1842713.436	582.5204468
693	546024.2356	1842711.572	581.9165039
694	546027.2501	1842710.041	581.1937256
695	546030.1475	1842708.422	580.4210815
696	546032.1353	1842712.082	580.6864624
697	546028.5329	1842713.198	581.5310059
698	546025.364	1842714.603	582.2536621
699	546022.0117	1842716.414	582.8876343
700	546019.1217	1842718.562	583.2761841
701	546015.6485	1842720.612	583.5239868
702	546011.985	1842722.81	583.7893677
703	546008.4552	1842724.86	583.8505249
704	546004.6729	1842727.235	583.8239136
705	546001.3478	1842728.339	583.5167847
706	545998.1301	1842730.596	583.2451172
707	545999.3042	1842733.685	583.8972778
708	546003.1328	1842731.616	584.15979
709	546006.4892	1842729.843	584.296814
710	546010.8438	1842727.688	584.2407227
711	546015.002	1842725.586	584.1550293
712	546019.2152	1842723.161	583.8430786
713	546022.9542	1842721.084	583.4248047
714	546025.7614	1842719.251	582.8945923
715	546028.7661	1842717.325	582.2094727
716	546031.2774	1842716.152	581.5557251
717	546033.6607	1842715.012	580.8856812
718	546035.6837	1842718.678	581.1621704
719	546032.1028	1842720.217	582.0778809
720	546028.1015	1842722.759	583.0003052
721	546024.6053	1842724.588	583.6359863
722	546021.021	1842726.657	583.984375
723	546017.121	1842729.215	584.5027466
724	546012.8922	1842731.422	584.7056274
725	546008.2231	1842733.543	584.8510742
726	546003.9135	1842736.088	584.8320923
727	546000.4356	1842737.333	584.6140747
728	546002.4522	1842741.005	585.2897949
729	546005.7471	1842738.577	585.2129517
730	546009.7993	1842736.622	585.225769
731	546013.7066	1842734.628	585.0114746
732	546018.2072	1842733.01	584.8023071
733	546021.9825	1842730.895	584.4494019
734	546024.9593	1842728.077	583.9490967
735	546028.3329	1842726.719	583.3886719
736	546031.4169	1842724.664	582.8358154
737	546034.5135	1842723.162	582.0953979
738	546037.6065	1842722.316	581.4002686
739	546039.6515	1842726.159	581.3383789
740	546035.7085	1842726.918	582.2531128
741	546032.3142	1842728.972	582.9873047
742	546027.6417	1842731.159	583.8468628
743	546024.3253	1842733.686	584.3546143
744	546020.7741	1842736.262	584.9312744
745	546015.8195	1842738.672	585.5119629
746	546012.5394	1842739.668	585.501709
747	546008.4086	1842741.474	585.685791
748	546004.1844	1842744.468	585.7147827
749	546006.1623	1842747.815	585.8942871
750	546010.2303	1842745.458	585.9067383
751	546014.2249	1842743.56	585.8225708
752	546018.7541	1842741.558	585.3649292
753	546023.0011	1842739.314	584.8095093
754	546027.1231	1842736.664	584.2973633
755	546030.1295	1842733.992	583.5949097
756	546033.468	1842732.102	582.9049683
757	546036.9736	1842730.372	582.2354736
758	546041.0316	1842728.737	581.1898804
759	546042.6911	1842731.76	581.1405029
760	546038.8451	1842733.579	581.9526978
761	546035.3929	1842735.736	582.8175049
762	546031.8043	1842737.874	583.7272949
763	546028.1333	1842740.601	584.5236206
764	546024.1157	1842743.3	585.1516724
765	546019.6362	1842745.519	585.5963745
766	546014.9207	1842747.855	585.9043579
767	546010.1743	1842749.685	586.038147
768	546005.9875	1842751.659	586.2284546
769	546006.6365	1842755.407	586.1188354
770	546009.5028	1842753.38	586.1904907
771	546012.957	1842751.747	586.0351563
772	546016.3904	1842750.4	585.9302368
773	546020.3436	1842748.339	585.6081543
774	546023.4175	1842746.987	585.3153687
775	546026.5472	1842745.47	584.800415
776	546029.2589	1842743.436	584.3339844
777	546032.2223	1842741.365	583.7439575
778	546035.096	1842739.838	583.2266846
779	546037.2079	1842737.926	582.4127197
780	546040.0214	1842736.107	581.8053589
781	546044.2218	1842734.738	580.7445068
782	546046.4374	1842738.604	580.1347046
783	546042.1082	1842739.861	581.1792603
784	546038.2559	1842742.093	582.4893799
785	546034.3378	1842744.189	583.0952759
786	546031.5003	1842746.22	583.5618896
787	546028.6723	1842747.823	583.8065186
788	546025.6728	1842749.298	584.4137573
789	546022.1421	1842750.78	585.2078857
790	546018.7255	1842752.78	585.1864624
791	546014.789	1842754.957	585.3494873
792	546011.1934	1842756.824	585.5819092
793	546007.7218	1842758.608	585.6291504
794	546008.2217	1842761.72	584.992981
795	546012.1789	1842759.822	585.0987549
796	546023.6083	1842753.95	584.1413574
797	546026.8219	1842752.081	583.6637573
798	546029.679	1842750.363	583.3286133
799	546032.1998	1842748.749	582.5493164
800	546034.7487	1842747.006	582.2685547
801	546037.3621	1842745.492	581.9572144
802	546040.2002	1842743.196	581.5078735
803	546043.1986	1842741.736	580.7486572
804	546045.0329	1842740.917	580.2479248
805	546047.7988	1842741.374	579.432373
806	546049.4186	1842744.545	578.1937256
807	546045.8164	1842745.564	579.0835571
808	546041.6954	1842747.747	580.3530884
809	546038.0524	1842749.862	580.9281616
810	546034.2089	1842751.945	581.5458984
811	546030.929	1842753.839	581.5027466
812	546029.1325	1842753.958	582.6221924
813	546026.1593	1842757.095	583.0944824
814	543565.8893	1844656.202	753.0768433
815	543552.8269	1844656.727	752.8057861
816	543521.694	1844651.268	751.854126
817	543497.404	1844652.693	749.3491211
818	543488.1526	1844656.788	748.7654419
819	543473.2751	1844668.612	746.6013184
820	543447.3572	1844679.565	745.0653076
821	543428.8116	1844684.243	745.4587402
822	543428.8734	1844657.806	750.6502686
823	547440.2462	1841924.507	499.8807983
824	547441.3375	1841895.36	500.3420715
825	547443.1093	1841850.956	500.2624512
826	547447.6265	1841833.914	499.361084
827	547437.5853	1841832.063	498.6508484
828	547434.6755	1841836.271	498.972229
829	547430.4393	1841838.744	498.4367981
830	547426.6665	1841847.768	498.8349609
831	547422.3149	1841854.646	498.8943481
832	547411.4545	1841866.617	498.9113464
833	547407.8995	1841876.009	498.9423218
834	547406.0452	1841888.563	499.020813
835	547411.7813	1841899.448	499.4659424
836	547418.477	1841910.001	499.7630005
837	547416.8101	1841912.216	500.3182983
838	547418.5308	1841918.376	499.9269714
839	547420.509	1841926.287	499.9367676
840	547403.9888	1841893.253	498.7634583
841	547402.482	1841878.229	498.6286621
842	547403.2122	1841869.359	498.2486572
843	547401.7206	1841862.813	497.6956177
844	547409.1788	1841864.412	498.6311035
845	547420.438	1841852.985	498.7724609
846	547407.0416	1841902.423	499.0773315
847	547411.0357	1841909.944	499.4112549
848	547416.7383	1841919.489	498.9751587
849	547419.0315	1841926.312	499.2055969
850	548534.0105	1842137.587	528.7807617
851	548533.7272	1841958.031	518.8973999
852	548548.4873	1841978.077	512.7084351
853	548521.6174	1841994.044	510.8523254
854	548514.5037	1841999.065	510.7008362
855	548503.3283	1841984.83	513.27771
856	548491.4207	1841966.617	520.395752
857	548487.4784	1841962.805	521.730896
858	548480.2527	1841951.969	525.543457
859	548470.7338	1841935.949	531.8334961
860	548466.6808	1841927.797	535.6785889
861	548493.979	1841912.077	537.7927246
862	548513.7087	1841936.392	526.253418
