p1 1823761.992 551827.481 371.636
p2 1823743.644 551836.140 371.081
p3 1823739.618 551829.472 372.021
p4 1823732.931 551821.274 372.796
p5 1823730.294 551818.838 373.131
p6 1823726.012 551814.463 373.614
p7 1823715.270 551804.421 374.691
p8 1823706.121 551797.155 375.397
p9 1823698.117 551787.732 375.625
p10 1823694.985 551786.386 375.465
p11 1823694.067 551785.441 375.359
p12 1823693.771 551782.660 375.287
p13 1823697.199 551774.047 375.394
p14 1823705.933 551765.367 375.583
p15 1823710.206 551760.269 375.797
p16 1823714.604 551748.704 376.070
p17 1823716.843 551737.769 376.314
p18 1823717.082 551721.644 375.913
p19 1823713.561 551708.910 375.405
p20 1823710.590 551698.187 374.608
p21 1823709.292 551695.527 374.477
p22 1823706.340 551685.973 373.551
p23 1823703.690 551675.794 372.522
p24 1823702.273 551671.998 372.300
p25 1823698.141 551662.018 371.440
p26 1823696.648 551658.545 370.730
p27 1823695.696 551654.424 369.864
p28 1823696.405 551648.640 368.600
p29 1823723.832 551648.149 370.851
p30 1823725.949 551662.176 372.100
p31 1823736.855 551658.253 372.270
p32 1823738.347 551668.754 373.120
p33 1823742.847 551679.003 374.073
p34 1823745.316 551684.829 374.616
p35 1823745.275 551684.793 374.581
p36 1823753.232 551690.994 375.050
p37 1823757.243 551697.109 375.230
p38 1823759.742 551706.563 375.913
p39 1823759.203 551712.172 376.231
p40 1823759.085 551723.194 376.999
p41 1823764.815 551723.783 376.838
p42 1823767.215 551733.464 377.186
p43 1823768.865 551742.373 378.050
p44 1823770.735 551753.295 377.982
p45 1823770.986 551764.713 377.509
p46 1823770.941 551764.694 377.479
p47 1823774.509 551772.702 371.860
p48 1823774.768 551784.366 375.833
p49 1823782.170 551801.682 374.188
p50 1823787.566 551819.012 371.963
p51 1823766.205 551826.175 371.658
p52 1823763.620 551826.761 371.483
p53 1823762.394 551821.694 372.152
p54 1823761.911 551818.632 372.281
p55 1823761.145 551812.213 372.832
p56 1823760.145 551806.850 373.517
p57 1823758.387 551799.801 374.351
p58 1823756.107 551792.321 375.125
p59 1823753.534 551785.314 375.945
p60 1823750.815 551777.683 376.631
p61 1823749.347 551770.924 377.057
p62 1823748.197 551762.448 377.598
p63 1823746.818 551751.844 377.932
p64 1823744.858 551741.202 377.585
p65 1823743.585 551730.325 376.923
p66 1823743.954 551722.717 376.582
p67 1823743.370 551715.426 376.324
p68 1823742.108 551708.002 375.930
p69 1823739.548 551700.874 375.357
p70 1823735.230 551690.898 374.573
p71 1823732.038 551681.335 373.945
p72 1823729.820 551673.133 373.112
p73 1823728.243 551666.310 372.529
p74 1823727.039 551658.652 371.809
p75 1823725.888 551647.558 370.677
