p12 1822836.688 552361.641 349.559
p1 1841173.516 549247.277 500.911
p2 1841173.513 549247.281 500.908
p3 1841173.529 549247.265 500.906
p4 1841142.821 549206.683 498.924
p5 1841142.826 549206.703 498.920
p6 1841142.556 549206.703 498.836
p7 1841326.330 549131.153 518.363
p8 1841326.326 549131.151 518.358
p9 1841289.867 549094.670 516.347
p10 1841289.876 549094.702 516.361
p11 1841289.873 549094.696 516.360
p13 1822836.706 552361.698 349.731
p14 1822833.096 552353.874 348.307
p15 1822833.092 552353.873 348.324
p16 1822871.894 552343.107 350.408
p17 1822874.399 552350.809 350.849
p18 1822874.398 552350.810 350.832
p19 1822879.344 552363.496 351.445
p20 1822879.347 552363.496 351.445
p21 1822891.680 552357.620 351.264
p22 1822891.671 552357.621 351.263
p23 1822915.708 552344.051 352.558
p24 1822915.706 552344.050 352.563
p25 1822915.705 552344.050 352.566
p26 1822948.647 552333.922 355.268
p27 1822943.917 552336.338 355.004
p28 1822970.863 552318.543 357.600
p29 1822992.757 552307.059 360.229
p30 1823009.331 552298.568 361.727
p31 1823015.345 552299.744 362.138
p32 1823010.501 552301.909 361.761
p33 1823000.456 552307.011 360.792
p34 1822994.084 552306.354 360.295
p35 1822977.954 552314.818 358.589
p36 1822978.530 552318.460 358.504
p37 1822967.754 552324.116 357.180
p38 1822960.394 552323.955 356.511
p39 1822948.723 552333.872 355.378
p40 1822898.269 552303.192 349.354
p41 1822898.260 552303.229 349.378
p42 1822912.585 552301.190 350.512
p43 1822912.569 552301.178 350.516
p44 1822920.206 552299.292 350.759
p45 1822920.239 552299.280 350.753
p46 1822938.243 552291.546 352.805
p47 1822938.263 552291.536 352.809
p48 1822947.006 552271.664 354.708
p49 1822947.045 552271.657 354.700
p50 1822957.182 552271.010 355.858
p51 1822957.181 552270.999 355.857
p52 1822965.647 552255.233 356.492
p53 1822965.621 552255.196 356.480
p54 1822992.882 552252.201 358.106
p55 1822992.907 552252.211 358.101
p56 1822994.642 552254.999 358.827
p57 1822994.709 552255.010 358.815
p58 1823001.411 552266.423 359.845
p59 1823001.456 552266.436 359.779
p60 1823010.726 552293.009 361.933
p61 1823010.755 552293.050 361.929
p62 1822880.364 552315.070 349.373
p63 1822880.445 552315.106 349.395
p64 1822880.716 552315.859 348.884
p65 1822864.027 552319.544 348.767
p66 1822864.018 552319.568 348.776
