_____________________________________________________________________________________________________________________________
|Thöa |  DiÖn tÝch |   T©m X    |     T©m Y  |  Lo¹i ®Êt  |        Tªn chñ sö dông         |           §Þa chØ              |
|-----|------------|------------|------------|------------|--------------------------------|--------------------------------|
|   0 |  399891.27 |   50578.17 |      170.5 |          T |                                |                                |
|   0 |  400264.95 |   49827.16 |      536.2 |          T |                                |                                |
|   0 |  400053.54 |   50371.54 |      595.9 |          T |                                |                                |
|   0 |  400067.58 |   50341.80 |        1.0 |          T |                                |                                |
|   0 |  400069.64 |   50351.10 |        0.9 |          T |                                |                                |
|   2 |  400099.23 |   50711.54 |     4164.1 |          T |                                |                                |
|   3 |  399945.80 |   50690.11 |      445.0 |          T |                                |                                |
|   4 |  399954.60 |   50682.78 |      179.0 |          T |                                |                                |
|   5 |  399999.02 |   50655.25 |      592.0 |          T |                                |                                |
|   6 |  399929.16 |   50633.98 |      166.0 |          T |                                |                                |
|   7 |  399831.36 |   50597.51 |    14801.1 |          T |                                |                                |
|   8 |  399907.79 |   50590.68 |     1003.0 |          T |                                |                                |
|   9 |  399868.18 |   50561.01 |      283.0 |          T |                                |                                |
|  10 |  399876.02 |   50566.04 |      313.0 |          T |                                |                                |
|  11 |  399884.99 |   50571.71 |      359.0 |          T |                                |                                |
|  12 |  399954.27 |   50565.50 |      314.0 |          T |                                |                                |
|  13 |  400020.24 |   50568.96 |      577.0 |          T |                                |                                |
|  15 |  399860.06 |   50556.87 |      291.0 |          T |                                |                                |
|  16 |  399956.51 |   50551.79 |      583.0 |          T |                                |                                |
|  17 |  399958.36 |   50539.98 |      210.0 |          T |                                |                                |
|  18 |  400023.26 |   50553.51 |      430.0 |          T |                                |                                |
|  19 |  400015.58 |   50544.36 |       79.0 |          T |                                |                                |
|  20 |  400313.58 |   50555.87 |    76639.0 |          T |                                |                                |
|  21 |  399959.37 |   50533.15 |      238.0 |          T |                                |                                |
|  22 |  399960.27 |   50526.68 |      220.0 |          T |                                |                                |
|  23 |  400025.69 |   50534.34 |      504.0 |          T |                                |                                |
|  24 |  400068.44 |   50538.35 |      296.0 |          T |                                |                                |
|  25 |  400068.75 |   50530.38 |      296.0 |          T |                                |                                |
|  26 |  400521.99 |   50538.51 |  2611501.0 |          T |                                |                                |
|  26 |  400244.36 |   49891.04 |      956.0 |          T |                                |                                |
|  27 |  399960.83 |   50510.50 |      452.0 |          T |                                |                                |
|  28 |  400027.94 |   50515.03 |      472.0 |          T |                                |                                |
|  29 |  400027.87 |   50504.54 |      238.0 |          T |                                |                                |
|  30 |  400069.22 |   50513.13 |      588.0 |          T |                                |                                |
|  31 |  399767.49 |   50484.94 |      273.0 |          T |                                |                                |
|  32 |  399767.65 |   50493.56 |      218.0 |          T |                                |                                |
|  33 |  399879.02 |   50488.51 |      368.0 |          T |                                |                                |
|  34 |  399920.70 |   50491.97 |      451.0 |          T |                                |                                |
|  35 |  399960.36 |   50491.06 |      419.0 |          T |                                |                                |
|  36 |  400027.15 |   50487.36 |      471.0 |          T |                                |                                |
|  37 |  400069.57 |   50483.95 |      506.0 |          T |                                |                                |
|  38 |  400069.90 |   50497.20 |      574.0 |          T |                                |                                |
|  39 |  399766.16 |   50468.98 |      253.0 |          T |                                |                                |
|  40 |  399766.97 |   50476.93 |      257.0 |          T |                                |                                |
|  41 |  399878.02 |   50475.26 |      430.0 |          T |                                |                                |
|  42 |  399877.65 |   50462.59 |      304.0 |          T |                                |                                |
|  43 |  399920.38 |   50480.72 |      440.0 |          T |                                |                                |
|  45 |  399960.36 |   50477.40 |      419.0 |          T |                                |                                |
|  46 |  400026.31 |   50473.38 |      482.0 |          T |                                |                                |
|  47 |  400067.95 |   50469.78 |      542.0 |          T |                                |                                |
|  48 |  399877.97 |   50452.36 |      252.0 |          T |                                |                                |
|  49 |  399922.58 |   50451.52 |      400.0 |          T |                                |                                |
|  50 |  399958.48 |   50439.12 |      620.0 |          T |                                |                                |
|  51 |  400023.54 |   50445.02 |      453.0 |          T |                                |                                |
|  52 |  400025.03 |   50459.17 |      582.0 |          T |                                |                                |
|  53 |  400064.56 |   50440.56 |      565.0 |          T |                                |                                |
|  54 |  400066.26 |   50455.21 |      550.0 |          T |                                |                                |
|  55 |  399922.75 |   50426.65 |      684.0 |          T |                                |                                |
|  56 |  399957.25 |   50425.71 |      165.0 |          T |                                |                                |
|  57 |  400021.02 |   50428.10 |      257.0 |          T |                                |                                |
|  58 |  400053.55 |   50421.04 |      382.0 |          T |                                |                                |
|  59 |  400108.20 |   50436.30 |      549.0 |          T |                                |                                |
|  60 |  400146.16 |   50432.55 |      457.0 |          T |                                |                                |
|  62 |  399956.04 |   50416.13 |      499.0 |          T |                                |                                |
|  63 |  400017.21 |   50402.99 |      396.0 |          T |                                |                                |
|  64 |  400019.24 |   50417.02 |      416.0 |          T |                                |                                |
|  65 |  400074.29 |   50418.22 |      284.0 |          T |                                |                                |
|  66 |  400104.25 |   50403.48 |      400.0 |          T |                                |                                |
|  67 |  400105.61 |   50416.18 |      294.0 |          T |                                |                                |
|  68 |  400143.21 |   50411.92 |      444.0 |          T |                                |                                |
|  69 |  400179.80 |   50408.29 |      455.0 |          T |                                |                                |
|  70 |  400509.01 |   50404.76 |     7142.0 |          T |                                |                                |
|  71 |  399752.64 |   50380.87 |      317.8 |          T |                                |                                |
|  72 |  399754.36 |   50393.26 |      126.0 |          T |                                |                                |
|  73 |  399895.90 |   50380.81 |      402.0 |          T |                                |                                |
|  74 |  399950.59 |   50385.16 |      210.0 |          T |                                |                                |
|  75 |  399951.52 |   50391.95 |      227.0 |          T |                                |                                |
|  76 |  399952.33 |   50399.14 |      220.0 |          T |                                |                                |
|  77 |  400015.17 |   50389.34 |      398.0 |          T |                                |                                |
|  78 |  400140.81 |   50397.06 |      471.0 |          T |                                |                                |
|  79 |  400178.46 |   50392.70 |      420.0 |          T |                                |                                |
|  81 |  400394.44 |   50387.80 |     2873.0 |          T |                                |                                |
|  82 |  399750.65 |   50368.33 |      318.0 |          T |                                |                                |
|  83 |  399896.70 |   50369.24 |      583.0 |          T |                                |                                |
|  84 |  399943.64 |   50369.16 |      503.0 |          T |                                |                                |
|  85 |  399950.12 |   50378.46 |      216.0 |          T |                                |                                |
|  86 |  400011.23 |   50361.21 |      439.0 |          T |                                |                                |
|  87 |  400013.17 |   50375.68 |      373.0 |          T |                                |                                |
|  89 |  399751.52 |   50341.60 |      187.0 |          T |                                |                                |
|  90 |  399751.75 |   50353.49 |      410.0 |          T |                                |                                |
|  91 |  400434.80 |   50428.71 |     5253.0 |          T |                                |                                |
|  91 |  399816.78 |   50343.87 |      524.0 |          T |                                |                                |
|  92 |  399857.81 |   50354.54 |      400.0 |          T |                                |                                |
|  93 |  399897.93 |   50355.50 |      601.0 |          T |                                |                                |
|  94 |  399899.18 |   50341.46 |      588.0 |          T |                                |                                |
|  95 |  399943.55 |   50355.25 |      535.0 |          T |                                |                                |
|  96 |  399943.59 |   50345.23 |      270.0 |          T |                                |                                |
|  97 |  400009.40 |   50346.71 |      371.0 |          T |                                |                                |
|  98 |  400050.80 |   50356.95 |      658.0 |          T |                                |                                |
|  99 |  400360.40 |   50354.28 |     3374.0 |          T |                                |                                |
| 100 |  399752.23 |   50329.55 |      395.0 |          T |                                |                                |
| 101 |  399819.99 |   50328.65 |      485.0 |          T |                                |                                |
| 102 |  399858.63 |   50339.49 |      425.0 |          T |                                |                                |
| 103 |  399859.41 |   50323.54 |      480.0 |          T |                                |                                |
| 104 |  399899.90 |   50327.32 |      568.0 |          T |                                |                                |
| 105 |  399942.40 |   50327.55 |      467.0 |          T |                                |                                |
| 106 |  399943.20 |   50337.90 |      253.0 |          T |                                |                                |
| 107 |  400006.90 |   50327.55 |      425.0 |          T |                                |                                |
| 108 |  400038.07 |   50321.22 |      419.0 |          T |                                |                                |
| 109 |  399747.29 |   50315.99 |      197.0 |          T |                                |                                |
| 110 |  399823.24 |   50314.20 |      400.0 |          T |                                |                                |
| 112 |  400004.93 |   50308.38 |      212.0 |          T |                                |                                |
| 113 |  400005.89 |   50316.01 |      217.0 |          T |                                |                                |
| 114 |  400246.43 |   50309.04 |     6912.0 |          T |                                |                                |
| 116 |  400457.73 |   50313.02 |     9181.0 |          T |                                |                                |
| 117 |  399828.57 |   50294.20 |      455.0 |          T |                                |                                |
| 118 |  399831.57 |   50280.37 |      342.0 |          T |                                |                                |
| 119 |  399939.29 |   50283.37 |      207.0 |          T |                                |                                |
| 120 |  399940.07 |   50293.83 |      445.0 |          T |                                |                                |
| 121 |  400001.96 |   50290.36 |      129.0 |          T |                                |                                |
| 122 |  400003.46 |   50298.64 |      339.0 |          T |                                |                                |
| 123 |  400032.80 |   50294.96 |      500.0 |          T |                                |                                |
| 124 |  400299.20 |   50286.99 |     4182.0 |          T |                                |                                |
| 125 |  399749.94 |   50265.13 |      329.0 |          T |                                |                                |
| 126 |  399865.85 |   50272.02 |     1262.0 |          T |                                |                                |
| 127 |  399936.35 |   50266.23 |      448.0 |          T |                                |                                |
| 128 |  399998.83 |   50268.33 |      176.0 |          T |                                |                                |
| 129 |  400001.08 |   50282.78 |      256.0 |          T |                                |                                |
| 130 |  400027.45 |   50269.80 |      147.0 |          T |                                |                                |
| 131 |  399751.26 |   50256.54 |      276.0 |          T |                                |                                |
| 132 |  399933.80 |   50249.18 |      200.0 |          T |                                |                                |
| 133 |  399934.79 |   50256.11 |      230.0 |          T |                                |                                |
| 134 |  399994.35 |   50240.85 |      215.0 |          T |                                |                                |
| 135 |  399997.03 |   50255.56 |      167.0 |          T |                                |                                |
| 136 |  400026.84 |   50256.56 |      349.0 |          T |                                |                                |
| 137 |  400552.43 |   50243.02 |   119540.0 |          T |                                |                                |
| 138 |  399855.11 |   50227.33 |      529.0 |          T |                                |                                |
| 139 |  399890.05 |   50232.73 |      473.0 |          T |                                |                                |
| 140 |  399932.76 |   50236.17 |      243.3 |          T |                                |                                |
| 141 |  399932.29 |   50228.22 |      233.4 |          T |                                |                                |
| 142 |  399988.23 |   50221.93 |       77.0 |          T |                                |                                |
| 143 |  400025.08 |   50229.86 |      327.0 |          T |                                |                                |
| 144 |  400145.34 |   50240.52 |    14002.0 |          T |                                |                                |
| 145 |  399988.98 |   50215.72 |      164.0 |          T |                                |                                |
| 146 |  399989.90 |   50203.47 |      165.1 |          T |                                |                                |
| 147 |  400298.54 |   50206.94 |     1226.0 |          T |                                |                                |
| 148 |  399989.01 |   50184.89 |      190.0 |          T |                                |                                |
| 149 |  399989.78 |   50191.67 |      209.7 |          T |                                |                                |
| 150 |  400359.68 |   50195.11 |     4181.0 |          T |                                |                                |
| 151 |  399988.33 |   50168.37 |      420.0 |          T |                                |                                |
| 152 |  400018.61 |   50178.17 |      193.0 |          T |                                |                                |
| 153 |  400020.96 |   50171.01 |      164.0 |          T |                                |                                |
| 154 |  400023.85 |   50161.32 |      420.0 |          T |                                |                                |
| 155 |  400088.09 |   50192.51 |     1922.0 |          T |                                |                                |
| 156 |  399987.81 |   50152.94 |      208.0 |          T |                                |                                |
| 157 |  399988.62 |   50146.30 |      187.0 |          T |                                |                                |
| 158 |  400024.87 |   50150.77 |      232.0 |          T |                                |                                |
| 159 |  400027.49 |   50143.95 |      192.0 |          T |                                |                                |
| 160 |  400190.32 |   50162.63 |    28630.0 |          T |                                |                                |
| 161 |  400319.95 |   50138.72 |     3681.0 |          T |                                |                                |
| 162 |  399993.14 |   50134.74 |      176.0 |          T |                                |                                |
| 163 |  400028.16 |   50135.73 |      375.0 |          T |                                |                                |
| 164 |  400033.45 |   50128.95 |      252.0 |          T |                                |                                |
| 165 |  400258.26 |   50122.24 |     1975.0 |          T |                                |                                |
| 166 |  399854.97 |   50114.65 |    25703.0 |          T |                                |                                |
| 167 |  399996.89 |   50119.57 |      358.0 |          T |                                |                                |
| 168 |  399999.45 |   50104.36 |      165.0 |          T |                                |                                |
| 169 |  400000.36 |   50110.90 |      179.0 |          T |                                |                                |
| 170 |  400038.51 |   50117.42 |      233.0 |          T |                                |                                |
| 171 |  400040.75 |   50108.13 |      171.0 |          T |                                |                                |
| 172 |  400089.72 |   50100.35 |      396.0 |          T |                                |                                |
| 173 |  399728.88 |   50080.80 |     8755.0 |          T |                                |                                |
| 174 |  400002.24 |   50099.32 |      146.0 |          T |                                |                                |
| 175 |  400003.71 |   50093.71 |      187.0 |          T |                                |                                |
| 176 |  400005.04 |   50087.55 |      181.0 |          T |                                |                                |
| 177 |  400007.06 |   50081.69 |      187.0 |          T |                                |                                |
| 178 |  400046.62 |   50096.19 |      535.0 |          T |                                |                                |
| 179 |  400050.52 |   50085.16 |      395.0 |          T |                                |                                |
| 180 |  400091.05 |   50090.31 |      398.0 |          T |                                |                                |
| 181 |  400097.30 |   50081.01 |      319.0 |          T |                                |                                |
| 182 |  400154.69 |   50088.53 |      278.0 |          T |                                |                                |
| 183 |  400317.44 |   50095.06 |    10675.0 |          T |                                |                                |
| 184 |  399942.50 |   50074.85 |      498.0 |          T |                                |                                |
| 185 |  399949.47 |   50063.55 |      240.0 |          T |                                |                                |
| 186 |  400009.86 |   50076.01 |      191.0 |          T |                                |                                |
| 187 |  400011.71 |   50070.08 |      190.0 |          T |                                |                                |
| 188 |  400015.40 |   50064.51 |      198.0 |          T |                                |                                |
| 189 |  400052.63 |   50072.27 |      635.0 |          T |                                |                                |
| 190 |  400097.85 |   50072.53 |      255.0 |          T |                                |                                |
| 191 |  400100.52 |   50065.30 |      282.0 |          T |                                |                                |
| 192 |  400150.99 |   50062.15 |      520.0 |          T |                                |                                |
| 193 |  400201.20 |   50073.15 |      896.0 |          T |                                |                                |
| 194 |  400240.71 |   50066.82 |      703.0 |          T |                                |                                |
| 195 |  399732.34 |   50046.93 |     2361.0 |          T |                                |                                |
| 196 |  399953.30 |   50050.21 |      496.0 |          T |                                |                                |
| 197 |  400016.42 |   50058.10 |      207.0 |          T |                                |                                |
| 198 |  400019.51 |   50052.33 |      188.0 |          T |                                |                                |
| 199 |  400022.56 |   50043.46 |      381.0 |          T |                                |                                |
| 200 |  400063.83 |   50046.31 |      650.0 |          T |                                |                                |
| 201 |  400103.20 |   50057.91 |      265.0 |          T |                                |                                |
| 202 |  400202.57 |   50044.91 |      400.0 |          T |                                |                                |
| 204 |  400287.07 |   50040.07 |     1506.0 |          T |                                |                                |
| 205 |  399961.00 |   50031.44 |      438.0 |          T |                                |                                |
| 206 |  400029.66 |   50028.36 |      642.0 |          T |                                |                                |
| 207 |  400071.70 |   50024.70 |      440.0 |          T |                                |                                |
| 208 |  400120.97 |   50024.73 |      570.0 |          T |                                |                                |
| 209 |  400173.84 |   50026.86 |      260.0 |          T |                                |                                |
| 210 |  400400.35 |   50018.78 |    13945.0 |          T |                                |                                |
| 211 |  400038.93 |   50007.16 |      435.0 |          T |                                |                                |
| 212 |  400077.20 |   50012.82 |      438.0 |          T |                                |                                |
| 213 |  400081.93 |   50001.10 |      436.0 |          T |                                |                                |
| 215 |  400304.14 |   50016.75 |     2801.0 |          T |                                |                                |
| 216 |  399979.33 |   49985.02 |     2551.0 |          T |                                |                                |
| 217 |  400044.36 |   49995.14 |      402.0 |          T |                                |                                |
| 218 |  400048.60 |   49982.96 |      415.0 |          T |                                |                                |
| 219 |  400093.77 |   49978.59 |      550.0 |          T |                                |                                |
| 220 |  400138.60 |   49989.89 |      573.0 |          T |                                |                                |
| 221 |  400184.54 |   49991.39 |      889.0 |          T |                                |                                |
| 222 |  400228.51 |   49991.96 |      700.0 |          T |                                |                                |
| 223 |  400297.17 |   49973.49 |      400.0 |          T |                                |                                |
| 224 |  400057.11 |   49964.58 |      835.0 |          T |                                |                                |
| 225 |  400102.51 |   49966.52 |      561.0 |          T |                                |                                |
| 226 |  400148.77 |   49968.85 |      869.0 |          T |                                |                                |
| 227 |  400197.41 |   49969.80 |     1010.0 |          T |                                |                                |
| 228 |  400245.92 |   49968.87 |     1000.0 |          T |                                |                                |
| 229 |  400335.30 |   49970.43 |      681.0 |          T |                                |                                |
| 231 |  400001.91 |   49939.88 |      399.0 |          T |                                |                                |
| 232 |  400065.31 |   49945.98 |      442.0 |          T |                                |                                |
| 233 |  400115.42 |   49952.74 |      456.0 |          T |                                |                                |
| 234 |  400157.16 |   49947.66 |      609.0 |          T |                                |                                |
| 235 |  400207.65 |   49940.97 |      880.0 |          T |                                |                                |
| 236 |  400227.52 |   49951.78 |      562.0 |          T |                                |                                |
| 237 |  400274.94 |   49954.17 |      753.0 |          T |                                |                                |
| 238 |  400327.58 |   49940.83 |      400.0 |          T |                                |                                |
| 239 |  400452.25 |   49950.29 |     5833.0 |          T |                                |                                |
| 240 |  400007.26 |   49927.10 |      294.0 |          T |                                |                                |
| 241 |  400075.34 |   49925.30 |      581.0 |          T |                                |                                |
| 242 |  400118.96 |   49932.69 |      637.0 |          T |                                |                                |
| 243 |  400164.72 |   49935.72 |      369.0 |          T |                                |                                |
| 244 |  400170.01 |   49918.98 |      483.0 |          T |                                |                                |
| 245 |  400189.37 |   49928.45 |      186.0 |          T |                                |                                |
| 246 |  400229.51 |   49922.89 |      936.0 |          T |                                |                                |
| 247 |  400288.22 |   49932.41 |      945.0 |          T |                                |                                |
| 248 |  400365.86 |   49932.75 |     1000.0 |          T |                                |                                |
| 249 |  400011.07 |   49918.36 |      170.0 |          T |                                |                                |
| 250 |  400081.57 |   49912.72 |      300.0 |          T |                                |                                |
| 251 |  400087.31 |   49902.62 |      585.0 |          T |                                |                                |
| 252 |  400128.42 |   49915.35 |      292.0 |          T |                                |                                |
| 253 |  400136.01 |   49899.04 |      282.0 |          T |                                |                                |
| 254 |  400175.53 |   49906.70 |      510.0 |          T |                                |                                |
| 255 |  400257.33 |   49915.35 |      329.0 |          T |                                |                                |
| 256 |  400267.45 |   49904.82 |      363.0 |          T |                                |                                |
| 257 |  400300.71 |   49914.41 |      637.0 |          T |                                |                                |
| 260 |  400022.68 |   49895.83 |      436.0 |          T |                                |                                |
| 261 |  400094.34 |   49891.02 |      509.0 |          T |                                |                                |
| 262 |  400098.10 |   49882.54 |      271.0 |          T |                                |                                |
| 263 |  400141.47 |   49890.98 |      281.0 |          T |                                |                                |
| 264 |  400146.06 |   49882.35 |      283.0 |          T |                                |                                |
| 265 |  400187.50 |   49893.41 |     1038.0 |          T |                                |                                |
| 267 |  400017.29 |   49875.80 |      428.0 |          T |                                |                                |
| 268 |  400028.64 |   49864.99 |      895.0 |          T |                                |                                |
| 269 |  400104.00 |   49868.47 |      962.0 |          T |                                |                                |
| 270 |  400153.10 |   49868.78 |      594.0 |          T |                                |                                |
| 271 |  400199.23 |   49871.16 |      925.0 |          T |                                |                                |
| 272 |  400263.61 |   49872.19 |      411.0 |          T |                                |                                |
| 273 |  400341.64 |   49860.22 |      400.0 |          T |                                |                                |
| 274 |  400003.01 |   49844.57 |      400.0 |          T |                                |                                |
| 274 |  399964.83 |   49816.71 |      314.0 |          T |                                |                                |
| 275 |  400036.31 |   49847.23 |      687.0 |          T |                                |                                |
| 276 |  400103.17 |   49848.53 |      147.0 |          T |                                |                                |
| 277 |  400118.13 |   49844.77 |      849.0 |          T |                                |                                |
| 278 |  400162.62 |   49844.66 |      540.0 |          T |                                |                                |
| 279 |  400211.18 |   49856.84 |     1007.0 |          T |                                |                                |
| 280 |  400219.76 |   49841.41 |      942.0 |          T |                                |                                |
| 281 |  400274.87 |   49840.47 |      315.0 |          T |                                |                                |
| 282 |  400289.11 |   49859.71 |      539.0 |          T |                                |                                |
| 283 |  400307.10 |   49852.42 |      500.0 |          T |                                |                                |
| 284 |  400356.02 |   49838.80 |      400.0 |          T |                                |                                |
| 285 |  400370.40 |   49824.85 |      400.0 |          T |                                |                                |
| 286 |  400424.97 |   49832.88 |      400.0 |          T |                                |                                |
| 287 |  399841.00 |   49837.92 |    66582.0 |          T |                                |                                |
| 288 |  399986.78 |   49827.45 |      400.0 |          T |                                |                                |
| 289 |  400048.76 |   49829.37 |      426.0 |          T |                                |                                |
| 290 |  400128.18 |   49823.74 |      920.0 |          T |                                |                                |
| 291 |  400167.31 |   49832.71 |      233.0 |          T |                                |                                |
| 292 |  400171.83 |   49825.60 |      270.0 |          T |                                |                                |
| 293 |  400240.65 |   49839.61 |      436.0 |          T |                                |                                |
| 294 |  399972.42 |   49803.86 |      400.0 |          T |                                |                                |
| 295 |  400053.97 |   49816.62 |      413.0 |          T |                                |                                |
| 296 |  400060.05 |   49802.64 |      500.0 |          T |                                |                                |
| 297 |  400130.17 |   49804.91 |      718.0 |          T |                                |                                |
| 298 |  400176.60 |   49817.68 |      322.0 |          T |                                |                                |
| 299 |  400180.17 |   49808.21 |      326.0 |          T |                                |                                |
| 300 |  400220.04 |   49817.82 |      533.0 |          T |                                |                                |
| 301 |  400249.69 |   49811.81 |      540.0 |          T |                                |                                |
| 302 |  400294.10 |   49816.73 |      751.0 |          T |                                |                                |
| 303 |  400345.94 |   49807.59 |      400.0 |          T |                                |                                |
| 304 |  400382.45 |   49811.46 |      400.0 |          T |                                |                                |
| 305 |  400395.36 |   49791.23 |      400.0 |          T |                                |                                |
| 306 |  400494.80 |   49809.75 |    26882.0 |          T |                                |                                |
| 308 |  399992.14 |   49781.11 |      590.0 |          T |                                |                                |
| 309 |  400017.32 |   49804.44 |     3308.0 |          T |                                |                                |
| 310 |  400066.45 |   49790.10 |      280.0 |          T |                                |                                |
| 311 |  400137.76 |   49793.27 |      390.0 |          T |                                |                                |
| 312 |  400144.65 |   49783.46 |      629.0 |          T |                                |                                |
| 313 |  400185.78 |   49800.06 |      360.0 |          T |                                |                                |
| 314 |  400202.49 |   49791.50 |      181.0 |          T |                                |                                |
| 315 |  400235.06 |   49794.59 |      447.0 |          T |                                |                                |
| 316 |  400252.45 |   49781.88 |      836.0 |          T |                                |                                |
| 317 |  400326.84 |   49784.46 |      700.0 |          T |                                |                                |
| 318 |  399972.14 |   49766.04 |     1151.0 |          T |                                |                                |
| 319 |  400053.93 |   49762.63 |      203.0 |          T |                                |                                |
| 320 |  400069.56 |   49778.05 |      288.0 |          T |                                |                                |
| 321 |  400071.03 |   49761.68 |      321.0 |          T |                                |                                |
| 322 |  400078.28 |   49775.33 |      126.0 |          T |                                |                                |
| 323 |  400149.89 |   49767.61 |      832.0 |          T |                                |                                |
| 324 |  400187.53 |   49775.53 |      182.0 |          T |                                |                                |
| 325 |  400208.75 |   49768.09 |      926.0 |          T |                                |                                |
| 326 |  400268.35 |   49764.63 |      800.0 |          T |                                |                                |
| 327 |  400351.29 |   49771.02 |      924.0 |          T |                                |                                |
| 328 |  400036.66 |   49744.24 |      609.0 |          T |                                |                                |
| 329 |  400079.10 |   49750.90 |      820.0 |          T |                                |                                |
| 330 |  400158.20 |   49749.96 |      860.0 |          T |                                |                                |
| 331 |  400212.09 |   49739.62 |      270.0 |          T |                                |                                |
| 332 |  400228.53 |   49756.64 |      668.0 |          T |                                |                                |
| 333 |  400242.60 |   49740.89 |      422.0 |          T |                                |                                |
| 334 |  400283.81 |   49745.96 |      903.0 |          T |                                |                                |
| 335 |  400367.79 |   49745.71 |     5734.0 |          T |                                |                                |
| 337 |  399897.35 |   49721.26 |      670.0 |          T |                                |                                |
| 338 |  399993.57 |   49743.18 |     1733.0 |          T |                                |                                |
| 339 |  400048.02 |   49723.18 |      246.0 |          T |                                |                                |
| 340 |  400055.75 |   49730.61 |      216.0 |          T |                                |                                |
| 341 |  400175.59 |   49728.25 |      165.0 |          T |                                |                                |
| 342 |  400184.56 |   49740.36 |      162.0 |          T |                                |                                |
| 343 |  400256.21 |   49727.49 |      477.0 |          T |                                |                                |
| 344 |  400302.13 |   49720.47 |      824.0 |          T |                                |                                |
| 345 |  400328.31 |   49734.14 |      900.0 |          T |                                |                                |
| 346 |  399868.15 |   49705.05 |     1701.0 |          T |                                |                                |
| 347 |  399950.69 |   49706.31 |     2180.0 |          T |                                |                                |
| 348 |  400007.28 |   49716.13 |     1485.0 |          T |                                |                                |
| 349 |  400035.26 |   49711.41 |      527.0 |          T |                                |                                |
| 350 |  400099.37 |   49732.63 |      147.0 |          T |                                |                                |
| 351 |  400101.47 |   49715.00 |      293.0 |          T |                                |                                |
| 352 |  400102.18 |   49705.45 |      214.0 |          T |                                |                                |
| 353 |  400105.67 |   49700.20 |      205.0 |          T |                                |                                |
| 354 |  400159.41 |   49722.19 |      143.0 |          T |                                |                                |
| 355 |  400168.74 |   49714.45 |      490.0 |          T |                                |                                |
| 356 |  400234.52 |   49714.11 |     1442.0 |          T |                                |                                |
| 357 |  400277.45 |   49704.63 |      444.0 |          T |                                |                                |
| 358 |  400315.22 |   49705.71 |      484.0 |          T |                                |                                |
| 359 |  399908.95 |   49704.68 |     1143.0 |          T |                                |                                |
| 360 |  399924.89 |   49690.69 |     1088.0 |          T |                                |                                |
| 361 |  399972.12 |   49687.87 |      335.0 |          T |                                |                                |
| 362 |  399989.89 |   49689.66 |       93.0 |          T |                                |                                |
| 363 |  400002.22 |   49681.54 |      540.0 |          T |                                |                                |
| 364 |  400018.76 |   49696.20 |      528.0 |          T |                                |                                |
| 365 |  400065.25 |   49693.44 |      501.0 |          T |                                |                                |
| 368 |  400174.06 |   49701.92 |      267.0 |          T |                                |                                |
| 369 |  400187.91 |   49691.87 |     1168.0 |          T |                                |                                |
| 370 |  400264.00 |   49695.32 |      277.0 |          T |                                |                                |
| 371 |  400389.51 |   49698.14 |     4684.0 |          T |                                |                                |
| 372 |  400488.02 |   49696.46 |     1637.0 |          T |                                |                                |
| 373 |  399986.16 |   49669.09 |      271.0 |          T |                                |                                |
| 374 |  400043.59 |   49667.90 |      714.0 |          T |                                |                                |
| 375 |  400085.17 |   49678.71 |      797.0 |          T |                                |                                |
| 376 |  400185.60 |   49665.94 |      155.0 |          T |                                |                                |
| 377 |  400236.16 |   49669.49 |     1323.0 |          T |                                |                                |
| 378 |  400527.56 |   49673.29 |    19694.0 |          T |                                |                                |
| 379 |  400205.94 |   49655.25 |      229.0 |          T |                                |                                |
| 380 |  400306.41 |   49657.13 |     1106.0 |          T |                                |                                |
| 381 |  400078.30 |   49706.88 |      643.0 |          T |                                |                                |
| 382 |  399988.28 |   50178.45 |      193.0 |          T |                                |                                |
| 383 |  399999.87 |   50275.01 |      182.0 |          T |                                |                                |
| 384 |  400048.00 |   50342.22 |      680.0 |          T |                                |                                |
| 385 |  400035.07 |   50122.98 |      252.0 |          T |                                |                                |
| 386 |  400305.66 |   50168.96 |     1543.0 |          T |                                |                                |
| 387 |  400101.76 |   49726.56 |      146.0 |          T |                                |                                |
| 388 |  400314.35 |   49953.64 |      400.0 |          T |                                |                                |
| 389 |  400181.17 |   49733.58 |      256.0 |          T |                                |                                |
| 390 |  400389.42 |   49855.18 |     3076.0 |          T |                                |                                |
| 391 |  400190.40 |   49791.51 |      350.0 |          T |                                |                                |
| 392 |  400010.05 |   50634.27 |      577.0 |          T |                                |                                |
| 393 |  400006.58 |   50646.05 |      249.0 |          T |                                |                                |
| 394 |  400011.90 |   50617.33 |      577.0 |          T |                                |                                |
| 395 |  400015.61 |   50604.18 |      282.0 |          T |                                |                                |
| 396 |  400016.46 |   50596.81 |      207.0 |          T |                                |                                |
| 397 |  400017.01 |   50585.89 |      577.0 |          T |                                |                                |
| 398 |  400027.60 |   50497.60 |      238.0 |          T |                                |                                |
| 399 |  399991.72 |   50140.57 |      176.0 |          T |                                |                                |
| 400 |  399994.26 |   50128.76 |      182.0 |          T |                                |                                |
| 401 |  400051.00 |   50222.00 |      588.0 |          T |                                |                                |
| 402 |  400088.73 |   49990.70 |      424.0 |          T |                                |                                |
| 403 |  399997.84 |   50261.93 |      167.0 |          T |                                |                                |
| 404 |  399960.28 |   50460.10 |      200.0 |          T |                                |                                |
| 404 |  399959.92 |   50452.86 |      202.9 |          T |                                |                                |
| 405 |  400110.26 |   50046.67 |      249.0 |          T |                                |                                |
| 406 |  400113.16 |   50040.79 |      249.0 |          T |                                |                                |
| 407 |  400115.92 |   50034.17 |      258.0 |          T |                                |                                |
| 408 |  400126.77 |   50013.05 |      553.0 |          T |                                |                                |
| 409 |  400132.94 |   50001.84 |      553.0 |          T |                                |                                |
| 410 |  399960.78 |   50520.58 |      237.0 |          T |                                |                                |
| 411 |  400108.75 |   50511.91 |      560.0 |          T |                                |                                |
| 411 |  399941.16 |   50307.98 |      452.0 |          T |                                |                                |
| 412 |  400035.82 |   50307.02 |      220.0 |          T |                                |                                |
| 413 |  400032.93 |   50544.64 |      112.0 |          T |                                |                                |
| 414 |  399960.35 |   50677.57 |      218.0 |          T |                                |                                |
| 415 |  400059.89 |   50405.77 |      600.0 |          T |                                |                                |
| 416 |  400057.60 |   50393.78 |      600.0 |          T |                                |                                |
| 417 |  400055.44 |   50382.73 |      336.0 |          T |                                |                                |
| 418 |  399967.90 |   50672.25 |      284.0 |          T |                                |                                |
| 419 |  400313.28 |   49888.24 |      375.0 |          T |                                |                                |
| 420 |  399988.94 |   50208.80 |      153.0 |          T |                                |                                |
| 421 |  399990.10 |   50197.86 |      117.0 |          T |                                |                                |
| 422 |  400178.42 |   50018.24 |      520.0 |          T |                                |                                |
| 423 |  400170.75 |   50032.59 |      260.0 |          T |                                |                                |
| 424 |  400166.08 |   50041.11 |      520.0 |          T |                                |                                |
| 425 |  400158.81 |   50051.20 |      460.0 |          T |                                |                                |
| 426 |  400134.36 |   50075.86 |      442.0 |          T |                                |                                |
| 427 |  399952.28 |   50576.05 |      369.0 |          T |                                |                                |
| 428 |  399951.00 |   50584.38 |      154.0 |          T |                                |                                |
| 429 |  399950.31 |   50589.33 |      154.0 |          T |                                |                                |
| 430 |  399949.02 |   50597.33 |      308.0 |          T |                                |                                |
| 431 |  399892.60 |   50251.77 |      490.0 |          T |                                |                                |
| 432 |  399894.68 |   50266.15 |      490.0 |          T |                                |                                |
| 433 |  399896.75 |   50280.00 |      490.0 |          T |                                |                                |
| 434 |  399898.87 |   50293.84 |      490.0 |          T |                                |                                |
| 435 |  399901.10 |   50307.68 |      490.0 |          T |                                |                                |
| 436 |  399919.79 |   50635.41 |      214.0 |          T |                                |                                |
| 437 |  399913.75 |   50638.98 |      247.0 |          T |                                |                                |
| 438 |  399908.18 |   50642.21 |      188.0 |          T |                                |                                |
| 439 |  399903.28 |   50644.88 |       18.0 |          T |                                |                                |
| 440 |  399895.71 |   50648.52 |      371.0 |          T |                                |                                |
| 441 |  399887.58 |   50652.03 |      188.0 |          T |                                |                                |
| 442 |  399882.17 |   50654.44 |      188.0 |          T |                                |                                |
| 443 |  399877.01 |   50656.78 |      188.0 |          T |                                |                                |
| 444 |  399871.95 |   50659.20 |      188.0 |          T |                                |                                |
| 445 |  399824.95 |   50680.94 |     2788.0 |          T |                                |                                |
| 446 |  399784.57 |   50700.79 |      310.0 |          T |                                |                                |
| 447 |  399864.73 |   50303.02 |      490.0 |          T |                                |                                |
| 448 |  399984.93 |   50702.49 |      367.0 |          T |                                |                                |
| 450 |  400000.31 |   50695.45 |      367.0 |          T |                                |                                |
| 451 |  400014.24 |   50688.32 |      367.0 |          T |                                |                                |
| 452 |  400029.31 |   50280.97 |      262.0 |          T |                                |                                |
| 453 |  400267.41 |   50055.62 |      250.0 |          T |                                |                                |
| 454 |  400192.26 |   50087.67 |      472.0 |          T |                                |                                |
| 455 |  400125.33 |   49922.71 |      235.0 |          T |                                |                                |
| 456 |  400132.36 |   49907.08 |      282.0 |          T |                                |                                |
| 457 |  399983.70 |   50665.11 |      280.0 |          T |                                |                                |
| 458 |  399976.11 |   50668.05 |      208.0 |          T |                                |                                |
| 459 |  400057.68 |   50059.09 |      200.0 |          T |                                |                                |
| 460 |  399960.33 |   50466.87 |      169.0 |          T |                                |                                |
| 461 |  399938.20 |   50275.96 |      225.0 |          T |                                |                                |
| 462 |  400351.99 |   49895.35 |     3136.0 |          T |                                |                                |
| 463 |  400013.39 |   49912.15 |      156.0 |          T |                                |                                |
| 464 |  400254.51 |   49862.06 |      310.0 |          T |                                |                                |
| 465 |  400276.94 |   49888.21 |      680.0 |          T |                                |                                |
| 467 |  400272.66 |   49802.36 |      555.0 |          T |                                |                                |
| 468 |  400290.44 |   49783.32 |      614.0 |          T |                                |                                |
| 469 |  400306.28 |   49765.24 |      649.0 |          T |                                |                                |
| 470 |  399886.46 |   49676.55 |      315.0 |          T |                                |                                |
| 471 |  399897.28 |   49664.13 |      309.0 |          T |                                |                                |
| 472 |  399963.48 |   49714.90 |      400.0 |          T |                                |                                |
| 473 |  399948.60 |   49777.03 |     1000.0 |          T |                                |                                |
| 475 |  399975.79 |   49838.59 |      341.0 |          T |                                |                                |
| 476 |  399990.84 |   49856.94 |      297.0 |          T |                                |                                |
| 478 |  400338.42 |   49749.36 |      334.0 |          T |                                |                                |
| 479 |  400313.86 |   49799.86 |      413.0 |          T |                                |                                |
| 480 |  400333.87 |   49820.16 |      542.0 |          T |                                |                                |
| 481 |  400318.89 |   49839.46 |      657.0 |          T |                                |                                |
| 482 |  400265.45 |   49982.40 |      675.0 |          T |                                |                                |
| 483 |  400249.03 |   50006.39 |      430.0 |          T |                                |                                |
| 484 |  400237.94 |   50029.80 |      300.0 |          T |                                |                                |
| 485 |  400260.11 |   50039.39 |      300.0 |          T |                                |                                |
| 486 |  400216.48 |   50055.13 |      562.0 |          T |                                |                                |
| 487 |  399927.41 |   50440.38 |      397.0 |          T |                                |                                |
|1891 |  400400.52 |   49924.68 |     1891.0 |          T |                                |                                |
|2174 |  400217.60 |   50015.54 |     1036.0 |          T |                                |                                |

		 MRFCLEAN Processing Report

INPUT DGN FILE:                                      c:\laobao\dc4.dgn
INPUT FILE SIZE (BYTES):                             635392

FENCE USED: yes
INPUT PARAMETERS:
CURVE_FACTOR:2.000000
DANGLE_FACTOR:1.000000
FILTER_FACTOR:1.000000
FREE_END_FLAG_LEVEL:63
INTERSECTION_FLAG_LEVEL:
SUB_TOL_ELE_FLAG_LEVEL:
REMOVE_DUPLICATES_BY_ATTRIBUTE_OR_GEOMETRY(option):2
USE_CELL_AS_NODE_OR_NON_NODE(option):1
BY_LEVEL(toggle):1
FAST(toggle):0
STROKE_ARC(toggle):0
FUZZY_INTERSECTION(toggle):1
TRUE_INTERSECTION(toggle):1
DEL_SUB_TOL_ELE(toggle):1
LEVEL_1:
LEVEL_2:
LEVEL_3:
LEVEL_4:
LEVEL_5:
LEVEL_6:
LEVEL_7:
LEVEL_8:
LEVEL_9:
LEVEL_10:
LEVEL_11:
LEVEL_12:
LEVEL_13:
LEVEL_14:
LEVEL_15:
LEVEL_16:
LEVEL_17:
LEVEL_18:
LEVEL_19:
LEVEL_20:
LEVEL_21:
LEVEL_22:0.100000
LEVEL_23:
LEVEL_24:
LEVEL_25:
LEVEL_26:
LEVEL_27:
LEVEL_28:
LEVEL_29:
LEVEL_30:
LEVEL_31:
LEVEL_32:
LEVEL_33:
LEVEL_34:
LEVEL_35:
LEVEL_36:
LEVEL_37:
LEVEL_38:
LEVEL_39:
LEVEL_40:
LEVEL_41:
LEVEL_42:
LEVEL_43:
LEVEL_44:
LEVEL_45:
LEVEL_46:
LEVEL_47:
LEVEL_48:
LEVEL_49:
LEVEL_50:
LEVEL_51:
LEVEL_52:
LEVEL_53:
LEVEL_54:
LEVEL_55:
LEVEL_56:
LEVEL_57:
LEVEL_58:
LEVEL_59:
LEVEL_60:
LEVEL_61:
LEVEL_62:
LEVEL_63:

MRFCLEAN IN PROGRESS ......
	 READING DGN FILE
	 PROCESSING LEVEL:                           22
	 INTERSECTION
	 CLUSTERING
	 SPLITTING
	 REMOVING DUPLICATES
	 JOINING ELEMENTS
	 REMOVING DANGLES
	 CONFLATION
	 WRITING TO OUTPUT DGN FILE
OUTPUT DGN FILE:                                     c:\laobao\dc4.dgn
OUTPUT FILE SIZE IN BYTES:636416
                           TOTAL NUMBER OF LINEAR ELEMENTS PROCESSED:           1412
NUMBER OF CROSSOVER INTERSECTIONS FIXED OR FLAGGED:  0
NUMBER OF SUB_TOL_ELEMENTS FIXED OR FLAGGED:         0
NUMBER OF FREE-ENDS FLAGGED:                         13
MRFCLEAN SUCCESSFULLY COMPLETED!
ELAPSED TIME:                                        0 h 0 m 19 s


		 MRFCLEAN Processing Report

INPUT DGN FILE:                                      c:\laobao\dc4.dgn
INPUT FILE SIZE (BYTES):                             635904

FENCE USED: yes
INPUT PARAMETERS:
CURVE_FACTOR:2.000000
DANGLE_FACTOR:1.000000
FILTER_FACTOR:1.000000
FREE_END_FLAG_LEVEL:63
INTERSECTION_FLAG_LEVEL:
SUB_TOL_ELE_FLAG_LEVEL:
REMOVE_DUPLICATES_BY_ATTRIBUTE_OR_GEOMETRY(option):2
USE_CELL_AS_NODE_OR_NON_NODE(option):1
BY_LEVEL(toggle):1
FAST(toggle):0
STROKE_ARC(toggle):0
FUZZY_INTERSECTION(toggle):1
TRUE_INTERSECTION(toggle):1
DEL_SUB_TOL_ELE(toggle):1
LEVEL_1:
LEVEL_2:
LEVEL_3:
LEVEL_4:
LEVEL_5:
LEVEL_6:
LEVEL_7:
LEVEL_8:
LEVEL_9:
LEVEL_10:
LEVEL_11:
LEVEL_12:
LEVEL_13:
LEVEL_14:
LEVEL_15:
LEVEL_16:
LEVEL_17:
LEVEL_18:
LEVEL_19:
LEVEL_20:
LEVEL_21:
LEVEL_22:0.100000
LEVEL_23:
LEVEL_24:
LEVEL_25:
LEVEL_26:
LEVEL_27:
LEVEL_28:
LEVEL_29:
LEVEL_30:
LEVEL_31:
LEVEL_32:
LEVEL_33:
LEVEL_34:
LEVEL_35:
LEVEL_36:
LEVEL_37:
LEVEL_38:
LEVEL_39:
LEVEL_40:
LEVEL_41:
LEVEL_42:
LEVEL_43:
LEVEL_44:
LEVEL_45:
LEVEL_46:
LEVEL_47:
LEVEL_48:
LEVEL_49:
LEVEL_50:
LEVEL_51:
LEVEL_52:
LEVEL_53:
LEVEL_54:
LEVEL_55:
LEVEL_56:
LEVEL_57:
LEVEL_58:
LEVEL_59:
LEVEL_60:
LEVEL_61:
LEVEL_62:
LEVEL_63:

MRFCLEAN IN PROGRESS ......
	 READING DGN FILE
	 PROCESSING LEVEL:                           22
	 INTERSECTION
	 CLUSTERING
	 SPLITTING
	 REMOVING DUPLICATES
	 JOINING ELEMENTS
	 REMOVING DANGLES
	 CONFLATION
	 WRITING TO OUTPUT DGN FILE
OUTPUT DGN FILE:                                     c:\laobao\dc4.dgn
OUTPUT FILE SIZE IN BYTES:635392
                           TOTAL NUMBER OF LINEAR ELEMENTS PROCESSED:           5
NUMBER OF CROSSOVER INTERSECTIONS FIXED OR FLAGGED:  0
NUMBER OF SUB_TOL_ELEMENTS FIXED OR FLAGGED:         0
NUMBER OF FREE-ENDS FLAGGED:                         0
MRFCLEAN SUCCESSFULLY COMPLETED!
ELAPSED TIME:                                        0 h 0 m 3 s

