TR1,1851597.928,535693.004,0.000,,
T1,1851623.030,535550.490,-6.770,,
1,1851682.090,535184.890,179769313486231570000000000000000000000000000000000000000000000000000000000000000000000000000000000000000000000000000000000000000000000000000000000000000000000000000000000000000000000000000000000000000000000000000000000000000000000000000000000000000000000000000000000000000000000000000000000000000000000000000.000,,
2,1851591.664,535683.630,-0.471,,
3,1851570.424,535682.451,-2.107,,
4,1851552.370,535680.910,-3.144,,
5,1851552.265,535681.164,-3.078,,
6,1851549.706,535702.176,-2.987,,
7,1851588.279,535704.496,0.106,,
8,1851598.450,535705.646,0.137,,
9,1851603.830,535672.240,-0.949,,
10,1851593.734,535671.673,-0.860,,
11,1851591.093,535671.628,-0.736,,
