1	1816930.9	553616.78
2	1816935.62	553615.22
3	1816937.61	553616.19
4	1816939.99	553623
5	1816941.76	553629.84
6	1816940.44	553636.07
7	1816937	553639.69
8	1816930.55	553640.54
9	1816925.27	553640.47
10	1816919.02	553639.69
11	1816915.55	553637.79
12	1816912.92	553634.99
13	1816904.48	553633.22
14	1816897.82	553632.25
15	1816891.88	553633.68
16	1816890.45	553635.31
17	1816887.01	553636.1
18	1816883.73	553638.59
19	1816880.78	553639.8
20	1816876.16	553640.24
21	1816869.91	553636.22
22	1816865.11	553630.23
23	1816868.4	553624.85
24	1816874.2	553621.31
25	1816883.94	553620.02
26	1816893.93	553618.71
27	1816903.17	553617.8
28	1816911.66	553617.06
29	1816920.74	553616.56
30	1816929.14	553615.4
31	1816936.55	553613.64
32	1816937.61	553611.98
33	1816936.45	553611.06
34	1816936.53	553610.14
35	1816928.21	553609.06
36	1816917.57	553611.92
37	1816906.65	553613.46
38	1816896.13	553614.71
39	1816885.7	553614.99
40	1816874.94	553614.09
41	1816867.38	553609.69
42	1816865.98	553599.83
43	1816867.63	553590.84
44	1816870	553583.82
45	1816868.58	553575.2
46	1816867.08	553567.57
47	1816862.92	553561.68
48	1816860.56	553560.13
49	1816855.85	553552.78
50	1816850.93	553544.85
51	1816844.62	553536.71
52	1816840.48	553531.03
53	1816842.58	553527.64
54	1816845.59	553525.82
55	1816848.88	553523.49
56	1816852.6	553520.32
57	1816855.69	553517.23
58	1816857.45	553512.96
59	1816859.94	553509.39
60	1816864.09	553507.97
61	1816866.86	553504.57
62	1816869.34	553502.21
63	1816870.75	553500.24
64	1816875.68	553501.59
65	1816878.55	553503.57
66	1816881.18	553506.67
67	1816882.11	553510.92
68	1816884.22	553514.44
69	1816883.87	553519.13
70	1816883.9	553525.63
71	1816886.76	553530.45
72	1816887.34	553535.5
73	1816889.66	553539.24
74	1816894.39	553540.74
75	1816897.14	553543.98
76	1816897.5	553547.49
77	1816897.56	553551.34
78	1816900.45	553554.23
79	1816901.38	553558.74
80	1816903.5	553563.6
81	1816907.82	553567.76
82	1816914.39	553570.79
83	1816918.7	553574.6
84	1816923.03	553578.1
85	1816927.07	553581.66
86	1816927.34	553585.76
87	1816928.27	553589.22
88	1816929.25	553593.38
89	1816930.14	553597.19
90	1816930.76	553601.07
91	1816931.35	553602.89
92	1816930.91	553603.18
93	1816934.41	553605.27
94	1816936.4	553610.97
95	1816929.25	553612.25
96	1816929.41	553612.93
97	1816933.48	553621.08
98	1816933.85	553621.63
99	1816934.1	553622.4
100	1816932.64	553623.84
101	1816932.25	553623.37
102	1816931.32	553621.77
103	1816930.35	553624.07
104	1816929.92	553624.94
105	1816931.2	553623.46
106	1816928.17	553618.05
107	1816929.86	553614.84
108	1816930.26	553614.97
109	1816930.84	553615.02
110	1816930.38	553615.01
111	1816929.69	553615.83
112	1816945.87	553607.51
113	1816988.72	553580.8
114	1817023.58	553551.38
115	1817054.64	553530.44
116	1817105.42	553524.18
117	1817154.99	553522.87
118	1817173.28	553518.45
119	1817166.6	553509.73
120	1817160.51	553501.23
121	1817159.09	553492.67
122	1817162.63	553484.1
123	1817166.58	553473.42
124	1817169.05	553459.11
125	1817170.4	553457.53
126	1817170.51	553457.67
127	1817170.02	553450.41
128	1817166.12	553440.31
129	1817163.92	553418.47
130	1817170.81	553393.07
131	1817173.02	553357.51
132	1817169.5	553320.97
133	1817160.35	553289.11
134	1817175.42	553280.58
135	1817195.78	553269
136	1817208.26	553249.31
137	1817224.8	553228.37
138	1817242.73	553213.61
139	1817254.47	553192.57
140	1817262.65	553172.92
141	1817265.61	553163.92
142	1817268.23	553154.24
143	1817264.11	553137.22
144	1817252.51	553122.27
145	1817245.97	553101.44
146	1817249.48	553078.62
147	1817251.84	553053.85
148	1817250.45	553038.85
149	1817250.22	553025.23
150	1817251.68	553013.97
151	1817254.53	553004.49
152	1817257.78	552987.85
153	1817263.84	552974.93
154	1817281.1	552971.62
155	1817298.28	552969.6
156	1817316.24	552961.32
157	1817328.46	552951.03
158	1817334.4	552946.25
159	1817336.68	552938.03
160	1817337.91	552919.3
161	1817348.61	552899.35
162	1817368.86	552884.43
163	1817383.48	552866.88
164	1817396.75	552849.75
165	1817409.06	552822.66
166	1817415.95	552800.67
167	1817414.91	552781.8
168	1817415.91	552778.69
169	1817415.94	552778.5
170	1817416.32	552778.7
171	1817416.06	552776.95
172	1817405.73	552775.48
173	1817399	552771.99
174	1817395.27	552767.24
175	1817390.94	552761.85
176	1817388.05	552753.85
177	1817386.11	552747.85
178	1817387.68	552742.02
179	1817386.78	552734.14
180	1817384.87	552729.7
181	1817381.67	552723.9
182	1817376.32	552717.76
183	1817373.34	552712.98
184	1817371.76	552707.99
185	1817370.59	552704.98
186	1817370.1	552700.66
187	1817368.47	552698.78
188	1817368.86	552697.29
189	1817369.94	552693.84
190	1817369.69	552688.83
191	1817368.68	552683.21
192	1817370.17	552678.96
193	1817370.15	552674.24
194	1817372.24	552672.87
195	1817374.79	552669.46
196	1817378.06	552666.77
197	1817378.98	552665.84
198	1817380.7	552662.85
199	1817380.83	552658.31
200	1817385.61	552653.84
201	1817389.29	552649.6
202	1817390.64	552644.86
203	1817393.66	552646.37
204	1817396.78	552640.63
205	1817401.65	552638.1
206	1817406.63	552633.2
207	1817411.99	552631.03
208	1817415.99	552625.32
209	1817421.66	552622.44
210	1817425.91	552618.2
211	1817430.5	552613.26
212	1817433.46	552606.54
213	1817440.68	552604.42
214	1817442.9	552596.56
215	1817444.51	552588.74
216	1817447.83	552581.26
217	1817450.65	552574.58
218	1817450.79	552567.91
219	1817451.29	552562.09
220	1817452.63	552556.92
221	1817451.96	552550.48
222	1817453.24	552544.75
223	1817455.98	552539.13
224	1817460.84	552532.64
225	1817465.41	552527.12
226	1817470.45	552519.28
227	1817474.06	552511.36
228	1817477.29	552503.54
229	1817479.99	552494.92
230	1817480.12	552486.37
231	1817489.89	552482.71
232	1817499.41	552481.08
233	1817507.7	552478.13
234	1817517.57	552477.07
235	1817526.47	552477.71
236	1817533.78	552479.62
237	1817545.08	552482.66
238	1817553.73	552486.5
239	1817564.36	552491.74
240	1817571.92	552494.32
241	1817580.79	552495.54
242	1817583.72	552497.86
243	1817580.84	552500.67
244	1817579.23	552501.83
245	1817576	552505.4
246	1817572.18	552508.26
247	1817570.2	552509.81
248	1817566.93	552512.69
249	1817564.62	552516.1
250	1817562.22	552520.5
251	1817559.69	552522.38
252	1817558.31	552524.83
253	1817554.66	552528.95
254	1817547.41	552533.2
255	1817543.22	552534.16
256	1817535.15	552536.85
257	1817530.38	552539.8
258	1817528.83	552541.08
259	1817524.41	552544.17
260	1817522.2	552547.53
261	1817518.78	552551.45
262	1817514.87	552554.68
263	1817509.41	552556.79
264	1817505.87	552560.53
265	1817503.92	552565.94
266	1817502.75	552573.1
267	1817499.44	552579.24
268	1817495.85	552583.88
269	1817495.64	552590.48
270	1817496.06	552597.48
271	1817497.73	552602.91
272	1817496.51	552612.39
273	1817494.82	552619.57
274	1817492.03	552625.46
275	1817489.59	552635.75
276	1817489.94	552644.31
277	1817491.87	552651.22
278	1817489.6	552660.68
279	1817488.67	552666.46
280	1817488.91	552673.39
281	1817494.99	552678.94
282	1817500.67	552683.3
283	1817501.56	552686.58
284	1817502.74	552694.23
285	1817503.51	552702.3
286	1817505.83	552708.51
287	1817507.76	552717.31
288	1817509.51	552723.77
289	1817512.73	552731.4
290	1817516.94	552737.73
291	1817523.93	552740.86
292	1817525.79	552748.31
293	1817525.09	552755.09
294	1817524.82	552763.25
295	1817528.88	552764.31
296	1817529.63	552764.98
297	1817534.18	552764.93
298	1817540.82	552764.03
299	1817545.3	552762.58
300	1817551.7	552764.36
301	1817557.38	552762.49
302	1817564.3	552759.88
303	1817570.36	552760.56
304	1817576.56	552759.56
305	1817582.24	552758.94
306	1817589.61	552760.89
307	1817595.16	552764.54
308	1817598.54	552767.43
309	1817602.75	552768.05
310	1817607.44	552768.96
311	1817612.25	552770.47
312	1817617.02	552771.96
313	1817622.66	552773.55
314	1817627.87	552774.45
315	1817633.75	552776.81
316	1817637.04	552778.39
317	1817642.63	552779.41
318	1817649.52	552780.51
319	1817654.18	552784.41
320	1817659.73	552786.03
321	1817662.22	552787.42
322	1817662	552789.74
323	1817660.48	552790.96
324	1817659.65	552792.91
325	1817659.23	552794.58
326	1817657.13	552796.37
327	1817655.89	552799.12
328	1817652.64	552801.06
329	1817653.8	552803.16
330	1817653.99	552806.72
331	1817652.93	552811.35
332	1817652.45	552815.58
333	1817652.52	552822.54
334	1817647.35	552828.45
335	1817641.69	552833.86
336	1817634.05	552835.65
337	1817624.95	552836.89
338	1817616.17	552838.21
339	1817607.49	552838.25
340	1817599.36	552840.5
341	1817592	552843.42
342	1817585.56	552847.7
343	1817580.48	552853.47
344	1817576.9	552859.52
345	1817572.99	552865.19
346	1817571.04	552869.94
347	1817566.67	552874.55
348	1817563.3	552880.12
349	1817560.16	552886.29
350	1817557.58	552892.12
351	1817555.3	552897.92
352	1817551.97	552904.62
353	1817551.81	552910.11
354	1817556.51	552910.55
355	1817557.65	552918.08
356	1817554.25	552927.52
357	1817548.08	552935.64
358	1817542.69	552944.13
359	1817535.41	552951.34
360	1817528.47	552958.09
361	1817524.32	552967.81
362	1817521.18	552977.04
363	1817512.13	552981.65
364	1817502.04	552983.5
365	1817492.98	552988.08
366	1817484.55	552991.24
367	1817478.32	552994.52
368	1817473.43	552995.85
369	1817468.07	553000.46
370	1817461.44	553003.96
371	1817456.24	553009.94
372	1817451.33	553015.22
373	1817447.25	553020.96
374	1817443.31	553027.69
375	1817437.59	553032.53
376	1817433.45	553035.59
377	1817428.78	553038.19
378	1817423.84	553037.27
379	1817418.91	553037.06
380	1817410.93	553036.12
381	1817403.75	553032.63
382	1817399.32	553029.11
383	1817394.73	553029.61
384	1817389.16	553027.99
385	1817386.97	553026.06
386	1817385.91	553025.38
387	1817386.57	553022.72
388	1817387.83	553020.42
389	1817390.67	553017.57
390	1817391.95	553014.65
391	1817392.64	553014.49
392	1817393.68	553011.27
393	1817392.75	553005.22
394	1817392.14	553005.13
395	1817390.57	553004.15
396	1817389.45	553005.78
397	1817386.68	553006.49
398	1817383.36	553006.98
399	1817377.54	553007.3
400	1817373.59	553007.08
401	1817371.66	553000.53
402	1817373.17	552993.66
403	1817372.82	552987.67
404	1817374.19	552981.57
405	1817378.19	552976.44
406	1817383.79	552972.91
407	1817388.3	552969.72
408	1817395.1	552967.89
409	1817401.67	552965.39
410	1817402.03	552958.97
411	1817401.15	552953.42
412	1817402.36	552946.76
413	1817401.65	552941.49
414	1817408.24	552936.83
415	1817414.54	552931
416	1817418.89	552923.14
417	1817418.17	552915.7
418	1817420.28	552908.6
419	1817422.24	552900.38
420	1817424.2	552893.15
421	1817426.61	552888.59
422	1817429.84	552884.07
423	1817432.92	552877.41
424	1817437.44	552870.28
425	1817446.69	552867.28
426	1817456.08	552862.17
427	1817457.49	552855.74
428	1817459.11	552848.95
429	1817461.16	552842.28
430	1817463.61	552837.05
431	1817465.24	552831.75
432	1817466.58	552825.32
433	1817469.87	552822.62
434	1817472.2	552822.44
435	1817473.88	552819.28
436	1817479.02	552819.56
437	1817486.03	552821.57
438	1817487.98	552816.61
439	1817487.48	552813.42
440	1817487.15	552809.98
441	1817488.47	552804.93
442	1817487.12	552802.43
443	1817487.26	552802.91
444	1817487.48	552801.13
445	1817484.04	552796.62
446	1817479.91	552790.31
447	1817476.2	552784.42
448	1817472.63	552779.78
449	1817469.73	552773.48
450	1817464.2	552770.27
451	1817457.17	552767.56
452	1817450.62	552764.37
453	1817442.42	552767.09
454	1817434.82	552768.32
455	1817428.84	552771.77
456	1817422.03	552771.86
457	1817416.64	552778.44
458	1817413.31	552779.17
459	1817414.62	552778.94
460	1817414.24	552777.97
461	1817415.11	552779.2
462	1817414.61	552779.22
463	1817412.72	552792.95
464	1817405.7	552824.34
465	1817396.6	552847.04
466	1817386.52	552862.11
467	1817376.11	552879.52
468	1817360.87	552889.43
469	1817344.95	552901.68
470	1817336.13	552919.55
471	1817335.46	552936.2
472	1817327.71	552950.32
473	1817314.89	552961.85
474	1817300.55	552967.65
475	1817285.04	552969.76
476	1817274.15	552972.72
477	1817262.94	552979.57
478	1817256.39	552992.62
479	1817250.68	553006.41
480	1817246.67	553016.85
481	1817247.95	553029.58
482	1817248.96	553043.08
483	1817247.33	553060.1
484	1817244.92	553089.29
485	1817245.88	553110.26
486	1817258.09	553130.71
487	1817267.1	553145.18
488	1817266.38	553162.39
489	1817259.46	553177.95
490	1817249.39	553196.99
491	1817239.5	553216.27
492	1817227.38	553228
493	1817213.74	553243.23
494	1817203.36	553256.11
495	1817191.84	553272.79
496	1817175.03	553282.82
497	1817156.75	553295.48
498	1817163.69	553323.09
499	1817165.66	553350.01
500	1817164.68	553377.56
501	1817161.57	553407.91
502	1817160.63	553428.9
503	1817162.66	553439.42
504	1817164.55	553446.93
505	1817165.25	553454.09
506	1817165.89	553458.91
507	1817165.46	553466.04
508	1817164.19	553469.18
509	1817162.56	553479.53
510	1817158.83	553489.89
511	1817158.37	553496.97
512	1817162.5	553505.45
513	1817167.05	553514.3
514	1817166.2	553526.53
515	1817116.6	553523.26
516	1817065.57	553526.42
517	1817049.52	553532.85
518	1817036.98	553541.55
519	1817001	553572.95
520	1816952.06	553604.19
521	1816931.37	553614.71
522	1816928.49	553617.09
523	1816927.37	553618.68
524	1816927.26	553619.73
525	1817280.87	554071.09
526	1817280.76	554071.08
527	1817279.86	554071.11
528	1817279.96	554071.78
529	1817280.06	554071.92
530	1817279.25	554072.45
531	1817277.93	554070.62
532	1817276.54	554071.04
533	1817280.68	554069.68
534	1817281.12	554058.84
535	1817279.16	554049.94
536	1817278.31	554043.9
537	1817273.3	554042.25
538	1817267.99	554045.35
539	1817261.3	554045.58
540	1817253.44	554045.03
541	1817246.46	554042.26
542	1817240.22	554039.32
543	1817233.24	554033.95
544	1817229.52	554028.82
545	1817226.88	554024.05
546	1817224.29	554022.49
547	1817219.04	554023.22
548	1817214.07	554025.92
549	1817211.36	554027.56
550	1817208.3	554029.18
551	1817204.47	554030.72
552	1817200.99	554034.2
553	1817197.73	554036.31
554	1817193.28	554037.68
555	1817190.72	554039.6
556	1817186.41	554041.21
557	1817183.35	554042.94
558	1817180.66	554044.32
559	1817176.96	554046.84
560	1817173.84	554049.73
561	1817170.99	554050.35
562	1817167.69	554052.94
563	1817164.49	554057.42
564	1817161.81	554059.25
565	1817163.05	554061.93
566	1817164.76	554063.76
567	1817166.72	554065.8
568	1817169.51	554067.8
569	1817172.33	554070.77
570	1817171.66	554073.46
571	1817170.83	554075.11
572	1817171.22	554078.84
573	1817170.78	554082.47
574	1817170.03	554085.09
575	1817168.52	554089.05
576	1817167.57	554093.27
577	1817167.74	554094.77
578	1817168.55	554097.79
579	1817167.41	554102.91
580	1817166.81	554107.67
581	1817168.72	554111.99
582	1817169.08	554115.92
583	1817171.52	554120.09
584	1817176.27	554125.07
585	1817179.29	554128.5
586	1817181.39	554131.06
587	1817185.3	554135.69
588	1817188.14	554139.21
589	1817191.86	554142.74
590	1817193.96	554146.76
591	1817197.4	554150.56
592	1817199.55	554153.36
593	1817202.46	554156.49
594	1817205.83	554160.05
595	1817209.59	554163.7
596	1817212.7	554166.57
597	1817215.41	554170.38
598	1817215.81	554173.13
599	1817218.71	554174.34
600	1817220.76	554176.8
601	1817221.94	554179.36
602	1817221.67	554181.54
603	1817224.45	554182.57
604	1817227.21	554184.89
605	1817231.86	554187.94
606	1817235.29	554190.59
607	1817236.1	554191.05
608	1817238.81	554191.83
609	1817242.94	554193.12
610	1817246.59	554194.09
611	1817249.64	554194.37
612	1817254.41	554196.84
613	1817256	554197.14
614	1817257.9	554197.97
615	1817260.53	554198.9
616	1817260.8	554200.21
617	1817262.74	554200.84
618	1817264.63	554200.73
619	1817267.89	554197.98
620	1817271.04	554195.78
621	1817270.64	554194.87
622	1817272.62	554193.14
623	1817274.24	554192.29
624	1817278.26	554189.09
625	1817280.42	554187.53
626	1817281.16	554185.56
627	1817282.24	554184.92
628	1817283.42	554184.75
629	1817282.19	554182.11
630	1817283.6	554180.87
631	1817285.04	554180.07
632	1817285.32	554179.35
633	1817285.13	554179.21
634	1817286.94	554178.08
635	1817287.71	554175.66
636	1817288.95	554174.65
637	1817289.46	554174.05
638	1817291.51	554172.89
639	1817293.07	554172.23
640	1817293.77	554171.22
641	1817296.25	554169.3
642	1817296.97	554168.81
643	1817297.83	554168.67
644	1817299.5	554168.81
645	1817301.07	554169.34
646	1817303.06	554168.09
647	1817306.19	554166.62
648	1817307.22	554166.37
649	1817308.24	554165.54
650	1817311.41	554163.08
651	1817314.87	554160.99
652	1817319.24	554157.31
653	1817322.46	554155.42
654	1817326.65	554152.52
655	1817331.79	554150.8
656	1817332.57	554151.29
657	1817335.29	554150.42
658	1817339.34	554150.02
659	1817342.47	554149.86
660	1817343.75	554148.97
661	1817345.84	554150.24
662	1817346.66	554150.91
663	1817348.95	554152.06
664	1817352.19	554154.19
665	1817353.79	554155.87
666	1817355.64	554156.92
667	1817356.77	554157.77
668	1817359.93	554157.9
669	1817362.66	554158.91
670	1817365.17	554158.74
671	1817369.75	554157.91
672	1817373.35	554154.71
673	1817376.26	554152.91
674	1817378.33	554151.19
675	1817380.8	554150.81
676	1817376.08	554142.39
677	1817369.13	554133.39
678	1817360.86	554124.55
679	1817353.44	554117.69
680	1817344.04	554112
681	1817334.96	554106.78
682	1817326.37	554101.51
683	1817317.86	554095.1
684	1817309.82	554090.22
685	1817301.03	554084.89
686	1817293.74	554078.72
687	1817291.38	554075.56
688	1817291.21	554075.28
689	1818505.16	554445.07
690	1818505.46	554444.7
691	1818505.56	554443.82
692	1818505.02	554444.59
693	1818505.95	554443.61
694	1818520.31	554437.32
695	1818549.18	554427.98
696	1818570.29	554417.75
697	1818583.03	554412.19
698	1818596.01	554403.54
699	1818607.59	554391.48
700	1818619.95	554380.6
701	1818631.34	554370.38
702	1818639.5	554361.91
703	1818648.69	554355.29
704	1818657.29	554353.42
705	1818669.18	554351.16
706	1818681.57	554345.68
707	1818691.71	554339.87
708	1818697.79	554327.51
709	1818705.84	554317.24
710	1818715.75	554310.77
711	1818723.24	554304.78
712	1818727.22	554297.04
713	1818728.16	554287.34
714	1818723.21	554279.65
715	1818726.72	554269.61
716	1818732.93	554254.88
717	1818739.83	554239.17
718	1818747.22	554221.46
719	1818754.37	554202.18
720	1818768.93	554182.58
721	1818777.84	554171.41
722	1818790.96	554156.48
723	1818805.3	554140.05
724	1818813.99	554129.4
725	1818825.77	554120.14
726	1818834.97	554116.79
727	1818845.86	554112.48
728	1818856.65	554110.49
729	1818857.74	554109.92
730	1818859.69	554109.91
731	1818866.6	554107.8
732	1818878.5	554103.19
733	1818882.99	554100.93
734	1818884.64	554101.59
735	1818889.5	554102.5
736	1818891.01	554106.37
737	1818896.71	554108.85
738	1818902.06	554105.37
739	1818905.96	554104.73
740	1818910.36	554105.73
741	1818911.83	554111.07
742	1818911.56	554116.64
743	1818910.77	554121.32
744	1818912.33	554124.36
745	1818913.01	554128.11
746	1818915.25	554132.24
747	1818912.98	554137.59
748	1818911.91	554142.52
749	1818911.44	554147.48
750	1818911.88	554153.25
751	1818912.96	554157.84
752	1818913.09	554161.19
753	1818908.27	554162
754	1818908.05	554165.29
755	1818907.07	554169.02
756	1818906.96	554172.47
757	1818906.57	554175.94
758	1818903.81	554177.91
759	1818903.16	554180.18
760	1818902.34	554183.88
761	1818898.18	554186
762	1818894.85	554189.52
763	1818890.89	554192.95
764	1818887.18	554196.34
765	1818885.88	554196.07
766	1818885.81	554194.79
767	1818884.67	554193.62
768	1818883.58	554195.23
769	1818882.12	554198.23
770	1818880.17	554201.25
771	1818875.83	554202.68
772	1818871.08	554202.04
773	1818868.74	554202.13
774	1818865.72	554203.17
775	1818864.64	554203.57
776	1818864.58	554203.91
777	1818862.42	554204.22
778	1818863.38	554202.3
779	1818863.47	554200.19
780	1818861.86	554198.67
781	1818860.17	554197.76
782	1818858.86	554194.06
783	1818854.99	554191.04
784	1818852.07	554185.82
785	1818850.33	554182.04
786	1818851.17	554179.69
787	1818847.94	554175.4
788	1818842.26	554173.29
789	1818839.2	554169.72
790	1818836.7	554164.66
791	1818836.24	554160.35
792	1818835.06	554158.58
793	1818833.96	554157.25
794	1818831.34	554155.2
795	1818830.63	554154.16
796	1818830.76	554152.44
797	1818829.98	554149.58
798	1818829.13	554146.82
799	1818829.23	554142.79
800	1818827.23	554138.67
801	1818824.76	554134.24
802	1818825.92	554131.66
803	1818828.45	554128.54
804	1818832.55	554127.33
805	1818838.8	554124.67
806	1818843.89	554122.67
807	1818849.58	554120.65
808	1818853.77	554118.59
809	1818859.95	554116.84
810	1818864.57	554117.98
811	1818869.2	554115.56
812	1818873.85	554114.48
813	1818877.79	554114.2
814	1818885.33	554111.54
815	1818893.11	554109.03
816	1818889.39	554101.68
817	1818883.05	554102.12
818	1818884.01	554100.59
819	1818885.54	554100.29
820	1818886.39	554099.45
821	1818881.68	554102.02
822	1818871.85	554107.87
823	1818863.28	554111.89
824	1818851.33	554114.87
825	1818842.77	554116.99
826	1818830.24	554121.29
827	1818815.84	554132.11
828	1818801.66	554147.41
829	1818785.12	554165.47
830	1818772.28	554180.43
831	1818761.8	554191.77
832	1818749.39	554214.27
833	1818737.81	554241.13
834	1818730.76	554259.68
835	1818722.35	554278.68
836	1818722.19	554282.41
837	1818724.53	554285.64
838	1818726.5	554297.21
839	1818721.31	554311.21
840	1818716.36	554329.66
841	1818702.55	554343.12
842	1818689.41	554345.03
843	1818673.61	554349.86
844	1818660.11	554354.75
845	1818650.15	554355.97
846	1818643.08	554360.12
847	1818636.09	554366.42
848	1818625.97	554376.52
849	1818615.99	554385.41
850	1818605.57	554395.67
851	1818591.95	554408.29
852	1818579.89	554415.28
853	1818570.16	554419.02
854	1818550.21	554427.27
855	1818525.27	554436
856	1818505.38	554444.28
857	1818502.87	554444.36
858	1817591.74	553616.44
859	1817592.04	553616.45
860	1817593.15	553616.53
861	1817593.39	553616.32
862	1817593.77	553616.69
863	1817597.86	553619.39
864	1817598.23	553621.72
865	1817596.28	553628.33
866	1817592.26	553635.89
867	1817587.42	553642.22
868	1817585.22	553646.83
869	1817582.73	553651.04
870	1817580.62	553656.29
871	1817577.13	553661.27
872	1817574.33	553667.58
873	1817569.02	553675.88
874	1817564.05	553680.59
875	1817560.74	553685.12
876	1817558	553688.14
877	1817557.3	553691.47
878	1817554.45	553695.25
879	1817549.42	553699.79
880	1817550.96	553704.03
881	1817555.78	553704.28
882	1817562.01	553704.67
883	1817566.35	553705.24
884	1817572.04	553708.58
885	1817579	553707.58
886	1817582.58	553707.87
887	1817588.96	553708.74
888	1817596.1	553709.31
889	1817602.54	553712.09
890	1817609.66	553713.65
891	1817615.08	553713.52
892	1817623.41	553712.01
893	1817629.78	553713.9
894	1817635.17	553714.07
895	1817640.09	553717.1
896	1817647.4	553716.72
897	1817654.26	553716.23
898	1817660.03	553712.85
899	1817665.89	553713.38
900	1817672.86	553713.96
901	1817678.11	553713.48
902	1817681.78	553708.22
903	1817686.85	553702.59
904	1817684.79	553698.8
905	1817684.24	553694.24
906	1817681.83	553689.75
907	1817681.07	553687.04
908	1817680.14	553683.01
909	1817679.73	553678.57
910	1817678.78	553675.68
911	1817678.17	553670.85
912	1817677.44	553666.47
913	1817676.76	553660.59
914	1817676.75	553657.18
915	1817678.3	553652.81
916	1817682.41	553648.59
917	1817683.93	553645.8
918	1817685.54	553644.38
919	1817688.95	553640.79
920	1817688.14	553639.1
921	1817688.91	553636.92
922	1817686.54	553636.28
923	1817685.96	553635.2
924	1817685.65	553632.22
925	1817680.56	553628.84
926	1817677.82	553623.35
927	1817674.08	553619.44
928	1817668.73	553616.59
929	1817665.88	553618.04
930	1817659.91	553619.07
931	1817656.45	553620.06
932	1817657.1	553618.05
933	1817653.44	553617.48
934	1817651.33	553615.32
935	1817649.19	553612.62
936	1817644.97	553612.65
937	1817641.78	553611.69
938	1817638.66	553609.85
939	1817634.45	553607.13
940	1817626.08	553608.6
941	1817616.39	553610.91
942	1817608.48	553613.48
943	1817599.15	553614.89
944	1817596.44	553612.64
945	1817082.39	553857.33
946	1817082.69	553856.88
947	1817082.91	553856.26
948	1817082.02	553856.83
949	1817081.97	553858.59
950	1817080.58	553868.37
951	1817073.81	553881.75
952	1817058.05	553893.74
953	1817046.52	553905.9
954	1817042.71	553920.54
955	1817039.19	553935.95
956	1817035.54	553948.42
957	1817033.48	553951.96
958	1817030.51	553947.43
959	1817027.03	553942
960	1817023.44	553937.92
961	1817020.36	553934.73
962	1817018.66	553930.79
963	1817014.08	553925.35
964	1817011.23	553921.13
965	1817008.18	553916.14
966	1817006.07	553911.28
967	1817001.3	553906.44
968	1816999.15	553901.63
969	1816996.98	553896.73
970	1816997.55	553896.24
971	1816993.41	553891.87
972	1816992.73	553886.35
973	1816991.55	553880.65
974	1816991	553875.98
975	1816987.81	553874.75
976	1816985.08	553876.41
977	1816982.35	553877.58
978	1816979.9	553879.67
979	1816975.32	553880.29
980	1816971.76	553878.71
981	1816968.81	553884.93
982	1816963.15	553886.35
983	1816959.98	553886.56
984	1816959.06	553887.75
985	1816957.48	553888.44
986	1816954.54	553890.03
987	1816954.37	553893
988	1816952.1	553896.15
989	1816948.39	553899.96
990	1816945.85	553903.89
991	1816941.06	553905.59
992	1816937.01	553906.31
993	1816936.85	553907.08
994	1816935.34	553909.42
995	1816932.77	553910.67
996	1816928.45	553911.32
997	1816923.6	553911.42
998	1816919.24	553910.4
999	1816917.13	553909.59
1000	1816911.86	553911.58
1001	1816912.32	553912.55
1002	1816911.98	553914.16
1003	1816913.45	553915.46
1004	1816915.2	553918.17
1005	1816916.15	553920.55
1006	1816913.67	553920.72
1007	1816917.66	553921.87
1008	1816918.97	553922.44
1009	1816923.53	553923.35
1010	1816927.21	553925.38
1011	1816931.98	553928.36
1012	1816938.02	553930.48
1013	1816942.46	553933.63
1014	1816943.99	553938.84
1015	1816943.19	553944.11
1016	1816941.92	553948.56
1017	1816939.93	553954.31
1018	1816937.51	553957.7
1019	1816936.68	553962.79
1020	1816938.46	553966.36
1021	1816935.61	553969.23
1022	1816933.07	553971.98
1023	1816932.56	553976.05
1024	1816928.5	553976.91
1025	1816924.07	553975.96
1026	1816922.62	553973.96
1027	1816921.03	553973.77
1028	1816917.28	553973.62
1029	1816913.21	553974.08
1030	1816910.61	553974.8
1031	1816907.73	553977.17
1032	1816903.72	553978.58
1033	1816901.31	553979.53
1034	1816898.94	553983.04
1035	1816892.95	553982.16
1036	1816890.17	553982.59
1037	1816887.06	553981.87
1038	1816885.31	553983.26
1039	1816884.7	553987
1040	1816884.24	553989.73
1041	1816884.46	553992.02
1042	1816884	553996.05
1043	1816882.3	554000.14
1044	1816882.16	554002.83
1045	1816881.83	554004.94
1046	1816881.91	554007.34
1047	1816880.75	554012.16
1048	1816880.86	554013.62
1049	1816882.01	554014.01
1050	1816879.51	554015.69
1051	1816877.58	554017.81
1052	1816876.53	554017.58
1053	1816876.65	554017.56
1054	1816876.72	554019.04
1055	1816874.76	554020.9
1056	1816874.7	554020.81
1057	1816873.69	554021.74
1058	1816873.09	554022.96
1059	1816873.41	554023.75
1060	1816872.92	554024.25
1061	1816872.48	554027.1
1062	1816873.68	554028.48
1063	1816874.5	554030.01
1064	1816875.22	554032.08
1065	1816874.92	554034.45
1066	1816875.49	554036.09
1067	1816876.99	554037.29
1068	1816877.07	554038.24
1069	1816877.55	554039.24
1070	1816875.73	554039.04
1071	1816875.3	554040.31
1072	1816876.7	554043.66
1073	1816878.63	554044.76
1074	1816879.3	554046.62
1075	1816879.84	554048.18
1076	1816879.16	554050.06
1077	1816879.48	554051.71
1078	1816881.08	554052.01
1079	1816882.48	554053.23
1080	1816884.22	554052.46
1081	1816883.96	554053.89
1082	1816886.55	554052.51
1083	1816888.44	554051.06
1084	1816889.2	554050.94
1085	1816893.81	554049.45
1086	1816896.39	554050.43
1087	1816899.87	554049.5
1088	1816905.78	554049.56
1089	1816910.93	554050.9
1090	1816915.14	554052.25
1091	1816919.95	554054.61
1092	1816923.9	554054.87
1093	1816930.41	554055.46
1094	1816935.24	554049.53
1095	1816941.75	554044.19
1096	1816947.44	554038.34
1097	1816954.08	554033.21
1098	1816959.64	554037.25
1099	1816961.12	554043.43
1100	1816965.5	554046.1
1101	1816969.38	554048.09
1102	1816974.98	554047.97
1103	1816979.42	554046.61
1104	1816982.11	554048.77
1105	1816985.34	554048.95
1106	1816988.2	554050
1107	1816991.01	554047.73
1108	1816994.51	554045.16
1109	1816997.79	554042.82
1110	1816998.41	554042.62
1111	1817000.09	554042.55
1112	1817001.85	554040.83
1113	1817003.04	554040.36
1114	1817004.37	554038.75
1115	1817007.48	554038.44
1116	1817008.42	554040.63
1117	1817008.85	554040.87
1118	1817010.65	554040.23
1119	1817009.64	554037.81
1120	1817012.13	554037.75
1121	1817011.73	554034.82
1122	1817011.9	554037.06
1123	1817011.39	554038.31
1124	1817013.62	554037.64
1125	1817014.88	554037.87
1126	1817016.34	554036.71
1127	1817018.55	554035.26
1128	1817018.33	554036.02
1129	1817017.31	554033.06
1130	1817020.38	554034.67
1131	1817020.24	554035
1132	1817022.29	554037.04
1133	1817025.6	554039.73
1134	1817028.39	554042.31
1135	1817030.94	554047.16
1136	1817034.78	554050.2
1137	1817036.93	554052.66
1138	1817041.31	554050.28
1139	1817043	554043.66
1140	1817044.25	554039.25
1141	1817046.16	554037.1
1142	1817047.83	554034.6
1143	1817050.71	554033.03
1144	1817055.25	554028.88
1145	1817058.12	554026.14
1146	1817061.91	554024.61
1147	1817064.26	554022.18
1148	1817065.13	554017.85
1149	1817064	554012.28
1150	1817062.67	554008.49
1151	1817061.71	554004.72
1152	1817062.6	553999.79
1153	1817065.92	553996.47
1154	1817067.79	553993.1
1155	1817068.88	553988.02
1156	1817067.16	553982.8
1157	1817068.18	553978.43
1158	1817069.79	553973.42
1159	1817068.16	553971.59
1160	1817063.71	553969.61
1161	1817061.09	553967.61
1162	1817057.87	553966.18
1163	1817056.44	553963.28
1164	1817053.62	553960.67
1165	1817051.13	553959.6
1166	1817048.5	553957.78
1167	1817045.39	553957.72
1168	1817043.32	553957.3
1169	1817043.4	553955.87
1170	1817041.71	553955.17
1171	1817038.55	553955.08
1172	1817036.79	553952.1
1173	1817037.4	553948.03
1174	1817038.48	553942.18
1175	1817040.48	553936.49
1176	1817041.31	553929.67
1177	1817043.05	553922.82
1178	1817044.16	553920.07
1179	1817045.5	553912.96
1180	1817047.8	553906.35
1181	1817050.12	553900.88
1182	1817057.45	553893.47
1183	1817065.13	553888.43
1184	1817073.5	553883.54
1185	1817080.14	553876.59
1186	1817081.98	553868.96
1187	1817083.8	553859.57
1188	1817084.43	553858.23
1189	1817680.79	554418.62
1190	1817680.43	554418.6
1191	1817680.66	554419.17
1192	1817680.7	554419.73
1193	1817679.14	554417.99
1194	1817670.47	554418.36
1195	1817666.4	554428.57
1196	1817664.6	554438.97
1197	1817660.18	554449.34
1198	1817659.47	554459.72
1199	1817661.62	554468.59
1200	1817661.66	554472.89
1201	1817660.26	554476.28
1202	1817660.47	554486.07
1203	1817661.76	554497.47
1204	1817656.75	554504.87
1205	1817655.93	554514.77
1206	1817661.75	554521.59
1207	1817669.54	554526.27
1208	1817675.43	554519.07
1209	1817684.2	554515.7
1210	1817694.46	554513.98
1211	1817701.17	554510.69
1212	1817709.46	554507.39
1213	1817715.31	554504.91
1214	1817718.56	554506.35
1215	1817721.21	554508.82
1216	1817723.22	554509.93
1217	1817725.19	554512.22
1218	1817723.15	554519.89
1219	1817720.18	554526.15
1220	1817717.97	554534.88
1221	1817718.13	554543.88
1222	1817721.4	554552.01
1223	1817729.07	554553.99
1224	1817737.75	554555.32
1225	1817745.82	554558.1
1226	1817754.74	554561.8
1227	1817761.27	554566.85
1228	1817770.45	554570.9
1229	1817777.9	554576.11
1230	1817783.89	554583.23
1231	1817790.66	554588.88
1232	1817796.96	554594.47
1233	1817802.83	554599.34
1234	1817808.49	554605.01
1235	1817813.39	554612.81
1236	1817818.62	554619.32
1237	1817822.97	554625.26
1238	1817828.96	554631.58
1239	1817835.83	554637.15
1240	1817836.52	554629.59
1241	1817838.7	554621.92
1242	1817843.09	554615.11
1243	1817849.72	554610.64
1244	1817853.96	554604.64
1245	1817849.82	554597.08
1246	1817843.55	554588.17
1247	1817838.15	554578.36
1248	1817833.62	554567.38
1249	1817828.66	554556.31
1250	1817826.28	554542.42
1251	1817824.94	554532
1252	1817825.33	554521.64
1253	1817824.03	554512.58
1254	1817819.84	554500.92
1255	1817815.24	554490.47
1256	1817808.68	554482.45
1257	1817801.15	554476.31
1258	1817793.83	554467.89
1259	1817786.45	554461.09
1260	1817779.36	554457.2
1261	1817772.38	554453.37
1262	1817766.18	554447.27
1263	1817757.71	554444.28
1264	1817747.82	554442.27
1265	1817738.76	554439.48
1266	1817729.54	554435.47
1267	1817718.87	554432.43
1268	1817708.79	554429.12
1269	1817698.97	554426.83
1270	1817690.11	554423.47
1271	1817685.64	554420.67
1272	1817685.01	554420.78
1273	1817958.44	554683.55
1274	1817958.57	554683.62
1275	1817960.21	554683.68
1276	1817960.84	554683.46
1277	1817960.43	554683.47
1278	1817963.22	554676.57
1279	1817959.63	554667.38
1280	1817957.4	554660.1
1281	1817954.31	554651.87
1282	1817948.8	554645.66
1283	1817941.88	554637.44
1284	1817935.71	554627.25
1285	1817929.31	554617.28
1286	1817930.75	554610.39
1287	1817931.3	554603.23
1288	1817935.59	554601.9
1289	1817939.49	554597.13
1290	1817944.94	554592.96
1291	1817948.83	554587.2
1292	1817950.69	554581.72
1293	1817949.1	554575.47
1294	1817946.46	554570.81
1295	1817945.83	554565.3
1296	1817945.34	554559.43
1297	1817950.62	554560.02
1298	1817956.27	554561.35
1299	1817961.5	554560.17
1300	1817964.55	554557.06
1301	1817971.01	554556.91
1302	1817978.1	554555.24
1303	1817981.31	554551.83
1304	1817988.52	554550.97
1305	1817992.07	554554.64
1306	1817993.3	554557.66
1307	1817994.82	554560.26
1308	1817998.03	554564.27
1309	1817998.48	554568.88
1310	1818000.76	554571.01
1311	1818003.13	554576.1
1312	1818003.05	554578.13
1313	1818006.38	554579.36
1314	1818008.52	554583.84
1315	1818012.44	554587.21
1316	1818015.06	554592.3
1317	1818015.86	554598.38
1318	1818016.96	554603.49
1319	1818020.73	554608.54
1320	1818023.4	554613.35
1321	1818026.23	554618.04
1322	1818034.21	554619.92
1323	1818039.82	554622.69
1324	1818041.6	554628.81
1325	1818041.42	554634.13
1326	1818042.35	554640.72
1327	1818044.13	554646.82
1328	1818045.05	554651.67
1329	1818042.75	554657.96
1330	1818037.17	554663.59
1331	1818031.86	554665.92
1332	1818023.62	554667.11
1333	1818016.88	554670.16
1334	1818011.51	554674.48
1335	1818004.54	554678.49
1336	1817996.79	554677.68
1337	1817990.12	554677.67
1338	1817978.2	554680.01
1339	1817975	554682.91
1340	1817969.08	554687.5
1341	1817450.34	554422.16
1342	1817450.91	554422.05
1343	1817450.1	554422.18
1344	1817449.94	554421.43
1345	1817449.74	554421.86
1346	1817449.33	554422.81
1347	1817435.33	554434.54
1348	1817412.37	554445.58
1349	1817384.82	554448.55
1350	1817360.38	554449.17
1351	1817334.43	554447.85
1352	1817306.92	554442.69
1353	1817277.73	554438.58
1354	1817252.15	554432.4
1355	1817228.9	554423.95
1356	1817211.48	554420.82
1357	1817206.72	554416.98
1358	1817205.66	554416.6
1359	1817204.57	554411.48
1360	1817204.39	554402.28
1361	1817204.26	554391.87
1362	1817207.53	554380.79
1363	1817212.12	554371.23
1364	1817216.38	554361.05
1365	1817220.49	554351.28
1366	1817222.36	554342.01
1367	1817224.03	554333.7
1368	1817223.4	554325.7
1369	1817218.47	554318.09
1370	1817211.06	554316.89
1371	1817206.25	554314.61
1372	1817202.57	554312.88
1373	1817200.95	554312.38
1374	1817198.58	554312.42
1375	1817194.73	554312.08
1376	1817192	554311.94
1377	1817190.55	554312.75
1378	1817190.33	554315.38
1379	1817186.85	554316.66
1380	1817183.59	554315.27
1381	1817179.67	554313.35
1382	1817176.57	554313.22
1383	1817173.17	554314.84
1384	1817170.28	554313.79
1385	1817168.44	554313.05
1386	1817163.83	554314.82
1387	1817160.83	554314.82
1388	1817157.63	554315.85
1389	1817153.74	554314.89
1390	1817153.58	554314.29
1391	1817149.45	554315.42
1392	1817147.27	554318.26
1393	1817145.44	554318.76
1394	1817144.29	554319.69
1395	1817141.34	554319.2
1396	1817139.56	554319.76
1397	1817137.22	554320.07
1398	1817134.28	554320.33
1399	1817130.68	554320.65
1400	1817129.22	554319.58
1401	1817126.9	554317.55
1402	1817124.25	554316.44
1403	1817120.48	554316.88
1404	1817118.47	554316.64
1405	1817115.12	554315.93
1406	1817111.42	554313.22
1407	1817107.08	554311.86
1408	1817104.99	554310.27
1409	1817103.71	554309.56
1410	1817100.55	554309.32
1411	1817098.68	554306.64
1412	1817096.62	554305.94
1413	1817090.67	554305.83
1414	1817085.08	554307.92
1415	1817082.26	554309.95
1416	1817081.27	554310.26
1417	1817078.25	554308.17
1418	1817074.85	554304.91
1419	1817073.85	554301.57
1420	1817073.16	554298.02
1421	1817072.97	554293.69
1422	1817072.47	554290.79
1423	1817072.91	554286.83
1424	1817072.92	554284.94
1425	1817072.65	554281.65
1426	1817071.21	554278.11
1427	1817070.01	554274.77
1428	1817067.21	554269.15
1429	1817066.25	554266.84
1430	1817066.49	554265.11
1431	1817065.4	554261.77
1432	1817064.24	554257.86
1433	1817064.35	554255.72
1434	1817067.76	554253.06
1435	1817069.97	554249.47
1436	1817071.93	554248.54
1437	1817077.53	554248.76
1438	1817079.27	554248.79
1439	1817080.98	554246.13
1440	1817081.22	554246.63
1441	1817081.91	554244.34
1442	1817082	554242.43
1443	1817082.89	554238.74
1444	1817084.03	554234.85
1445	1817085.08	554231.13
1446	1817085.73	554228.91
1447	1817087.58	554227.78
1448	1817089.2	554226.42
1449	1817090.26	554226.74
1450	1817091.01	554225.07
1451	1817090.65	554222.15
1452	1817092.05	554221.34
1453	1817092.37	554218.77
1454	1817092.87	554217.45
1455	1817093.58	554214.82
1456	1817094.15	554214.27
1457	1817093.59	554212.25
1458	1817094.86	554209.6
1459	1817095.4	554209.33
1460	1817095.38	554208.93
1461	1817095.51	554207.72
1462	1817095.56	554206.33
1463	1817097.39	554204.46
1464	1817099.09	554203.87
1465	1817100.76	554203
1466	1817102.42	554203.14
1467	1817104.41	554201.66
1468	1817106.06	554201.01
1469	1817107.93	554201.98
1470	1817111.06	554204.2
1471	1817112.85	554203.25
1472	1817115.75	554203.55
1473	1817118.38	554203.95
1474	1817122.6	554204.3
1475	1817125.77	554205.33
1476	1817129.15	554204.32
1477	1817134.57	554205.06
1478	1817138.77	554206.3
1479	1817142.52	554208.24
1480	1817145.12	554207.9
1481	1817147.29	554205.4
1482	1817149.23	554202.2
1483	1817151.67	554199.93
1484	1817153.37	554201.77
1485	1817154.06	554205.46
1486	1817154	554208.16
1487	1817154.84	554210.96
1488	1817155.04	554214.16
1489	1817153.71	554217.56
1490	1817153.76	554219.55
1491	1817153.71	554222.23
1492	1817153.4	554223.71
1493	1817152.52	554226.25
1494	1817151.87	554228.94
1495	1817151.34	554232.06
1496	1817151.84	554234.73
1497	1817152.89	554237.04
1498	1817153.92	554238.17
1499	1817154.01	554238.98
1500	1817155.37	554240.28
1501	1817155.91	554241.55
1502	1817157.18	554242.75
1503	1817158.87	554244.43
1504	1817159.01	554246.46
1505	1817160.51	554250.3
1506	1817161.14	554251.96
1507	1817164.53	554256.96
1508	1817168.35	554258.08
1509	1817171.57	554260.49
1510	1817175.34	554263.18
1511	1817177.69	554265.46
1512	1817178.42	554267
1513	1817180.03	554269.16
1514	1817185.07	554270.32
1515	1817189.04	554269.5
1516	1817191.75	554268.98
1517	1817194.3	554269.34
1518	1817195.79	554269.28
1519	1817198.67	554269.48
1520	1817202.1	554269.27
1521	1817203.93	554270.65
1522	1817205.63	554272.83
1523	1817209.18	554273.87
1524	1817212.44	554274.87
1525	1817215.07	554274.98
1526	1817219.55	554276.07
1527	1817224.59	554276.56
1528	1817229.46	554275.41
1529	1817237.05	554275.83
1530	1817241.18	554281.11
1531	1817244.84	554286.42
1532	1817248.51	554290.57
1533	1817251.96	554293.86
1534	1817255.97	554296.05
1535	1817262.38	554297.93
1536	1817267.65	554299.97
1537	1817271.84	554301.38
1538	1817275.14	554304.89
1539	1817276.23	554308.74
1540	1817275.86	554313.54
1541	1817273.01	554316.03
1542	1817265.58	554314.41
1543	1817256.35	554311.92
1544	1817249.39	554310.46
1545	1817243.98	554315.17
1546	1817240.15	554319.31
1547	1817236.69	554324.05
1548	1817233.33	554327.93
1549	1817228.56	554328.71
1550	1817225.64	554327.24
1551	1817222.38	554320.33
1552	1817223.33	554311.26
1553	1817218.14	554304.67
1554	1817213.38	554300.65
1555	1817210.17	554295.97
1556	1817209.18	554290.61
1557	1817209.4	554286.71
1558	1817208.32	554284.39
1559	1817205.32	554281.63
1560	1817202.73	554276.6
1561	1817200.95	554274.64
1562	1817196.24	554272.74
1563	1817191.84	554273.88
1564	1817186.41	554274.44
1565	1817180.78	554271.37
1566	1817177.58	554267.26
1567	1817174.29	554264.52
1568	1817171.86	554261.18
1569	1817167.2	554259.23
1570	1817170.49	554258.35
1571	1817174.47	554258.7
1572	1817176.08	554257.52
1573	1817177.33	554255.83
1574	1817178.41	554255.82
1575	1817181.03	554255.41
1576	1817182.7	554252.84
1577	1817182.2	554247.06
1578	1817184.48	554245.57
1579	1817185.35	554244.56
1580	1817185.98	554242.73
1581	1817187.58	554244.63
1582	1817189.55	554243.25
1583	1817191.8	554242.92
1584	1817192.96	554241.94
1585	1817194.97	554239.58
1586	1817198.12	554239.67
1587	1817199.48	554238.66
1588	1817199.78	554238.15
1589	1817203.23	554238.68
1590	1817205.67	554239.04
1591	1817206.78	554238.88
1592	1817208.43	554240.21
1593	1817209.46	554242.11
1594	1817211.3	554240.52
1595	1817220.95	554238.61
1596	1817232.47	554235.3
1597	1817241.91	554234.79
1598	1817250.58	554235.81
1599	1817255.61	554233.49
1600	1817258.43	554229.41
1601	1817260.45	554224.64
1602	1817266.69	554218.65
1603	1817266.14	554214.43
1604	1817267.01	554208.43
1605	1817268.67	554202.57
1606	1817265.05	554201.5
1607	1817262.35	554199
1608	1817257.98	554196.62
1609	1817249.57	554194.05
1610	1817242.41	554194.35
1611	1817235.96	554192.44
1612	1817232.41	554189.72
1613	1817228.47	554186.4
1614	1817225.11	554185.56
1615	1817220.74	554180.41
1616	1817217.58	554175.46
1617	1817214.01	554171.72
1618	1817212.36	554168.75
1619	1817207.93	554163.39
1620	1817203.02	554158.73
1621	1817199.29	554151.89
1622	1817194.41	554147.23
1623	1817191.8	554145.09
1624	1817185.81	554139.46
1625	1817181.36	554137.12
1626	1817177.4	554131.35
1627	1817171.56	554123.41
1628	1817168.01	554118.4
1629	1817166.7	554110.39
1630	1817167.26	554103.52
1631	1817168.76	554097.13
1632	1817169.55	554092.68
1633	1817170.54	554084.75
1634	1817172.32	554079.29
1635	1817172.96	554074.13
1636	1817174.95	554070.67
1637	1817168.68	554067.77
1638	1817161.48	554065.74
1639	1817156.61	554062.59
1640	1817148.71	554060.5
1641	1817143.61	554061.07
1642	1817137.82	554059.37
1643	1817132.01	554056.78
1644	1817128.19	554055.07
1645	1817126.96	554053.13
1646	1817123.75	554052.04
1647	1817121.05	554052.41
1648	1817121.28	554055.14
1649	1817119.71	554057.45
1650	1817119.61	554061.85
1651	1817118.33	554065.49
1652	1817116.93	554070.56
1653	1817115.66	554073.54
1654	1817113.95	554077.14
1655	1817113.33	554084.14
1656	1817115.74	554092.17
1657	1817115.96	554095.4
1658	1817115.73	554098.83
1659	1817114.87	554104.84
1660	1817110.74	554110.18
1661	1817107.32	554112.87
1662	1817101.48	554118.5
1663	1817092.89	554121.14
1664	1817087.18	554122.8
1665	1817085.96	554128.27
1666	1817085.41	554135.35
1667	1817086.55	554141.41
1668	1817084.67	554146.56
1669	1817083.63	554150.04
1670	1817082.22	554151.23
1671	1817082.62	554154.69
1672	1817082.9	554155.8
1673	1817081.93	554157.41
1674	1817080.95	554158.3
1675	1817079.76	554160.9
1676	1817079.69	554163.17
1677	1817079.25	554165.07
1678	1817079.18	554168.72
1679	1817079.35	554172.27
1680	1817079.1	554175.11
1681	1817079.46	554179.91
1682	1817081.46	554179.02
1683	1817082.58	554179.03
1684	1817084.77	554183.38
1685	1817085.73	554184.35
1686	1817088.84	554187.24
1687	1817092.51	554187.11
1688	1817097.54	554187.79
1689	1817102.67	554186.99
1690	1817110.62	554189.47
1691	1817114.51	554188.87
1692	1817118.1	554189.46
1693	1817123.02	554191.19
1694	1817130.01	554192.22
1695	1817135.71	554194.68
1696	1817138.7	554196.1
1697	1817143.01	554197.91
1698	1817145.46	554197.4
1699	1817148.99	554197.25
1700	1817154.58	554197.97
1701	1817157.2	554201.67
1702	1817156.9	554203.05
1703	1817158.03	554204.42
1704	1817156.86	554207.35
1705	1817155.94	554211.53
1706	1817156.17	554212.83
1707	1817157.66	554212.88
1708	1817157.93	554217.34
1709	1817157.09	554217.17
1710	1817156.43	554219.25
1711	1817156.39	554221.76
1712	1817154.99	554223.92
1713	1817154.4	554223.69
1714	1817155.25	554225.7
1715	1817156.16	554226.91
1716	1817155.35	554229.99
1717	1817154.54	554231.61
1718	1817154.48	554234.25
1719	1817155.49	554237.14
1720	1817156.43	554239.02
1721	1817157.18	554239.41
1722	1817159.02	554241.68
1723	1817161.14	554245.49
1724	1817161.07	554249.16
1725	1817161.16	554250.85
1726	1817161.8	554255.21
1727	1817168.83	554258.1
1728	1817167.86	554259.43
1729	1817172.42	554262.5
1730	1817176.92	554265.55
1731	1817180.43	554268.83
1732	1817184.35	554272.6
1733	1817191.59	554273.76
1734	1817192.88	554277
1735	1817197.72	554279.27
1736	1817200.84	554281.57
1737	1817202.74	554282.25
1738	1817204.67	554285.91
1739	1817204.79	554287.95
1740	1817208.67	554293.39
1741	1817211.73	554299.09
1742	1817211.72	554307.44
1743	1817214.66	554310.93
1744	1817218.25	554314.88
1745	1817222.31	554321.76
1746	1817225.11	554328.01
1747	1817224.93	554335.62
1748	1817222.58	554342.54
1749	1817222.03	554349.86
1750	1817219.74	554358.98
1751	1817215.1	554369
1752	1817212.48	554377.16
1753	1817208.75	554384.77
1754	1817205.61	554395.92
1755	1817208.02	554406.83
1756	1817208.35	554415.44
1757	1817211.99	554421.85
1758	1817218.93	554424.37
1759	1817238.57	554429.37
1760	1817260.74	554439.34
1761	1817287.44	554443.21
1762	1817318.82	554447.2
1763	1817347.19	554452.39
1764	1817371.22	554455.64
1765	1817394.01	554451.38
1766	1817419.91	554449.35
1767	1817440.56	554438.81
1768	1817449.63	554429.25
1769	1817444.01	554430.67
1770	1817437.84	554436.02
1771	1817433.94	554441.09
1772	1817430.71	554447.42
1773	1817426.62	554454.15
1774	1817421.62	554461.44
1775	1817420	554470.48
1776	1817418.37	554477.98
1777	1817414.03	554478.15
1778	1817409.01	554477.54
1779	1817404.01	554476.72
1780	1817398.08	554476.13
1781	1817395.02	554476.5
1782	1817390.62	554477.4
1783	1817387.13	554477.44
1784	1817384.14	554477.88
1785	1817380.85	554479.04
1786	1817377.19	554478.73
1787	1817373.56	554480.01
1788	1817370.11	554480.42
1789	1817364.9	554480.8
1790	1817361.84	554481.86
1791	1817356.52	554482.46
1792	1817352.3	554483.01
1793	1817347.47	554484.37
1794	1817343.46	554484.19
1795	1817336.4	554487.16
1796	1817331.07	554489.08
1797	1817324.18	554487.9
1798	1817318.45	554486.83
1799	1817314.22	554486.89
1800	1817311.32	554486.79
1801	1817308.95	554486.69
1802	1817303.4	554486.77
1803	1817297.18	554485.79
1804	1817292.01	554488.59
1805	1817284.66	554492.35
1806	1817281.58	554493.1
1807	1817277.51	554493.98
1808	1817272.12	554496.12
1809	1817267.66	554497.45
1810	1817263.75	554497.05
1811	1817258.41	554499.06
1812	1817255.66	554500.35
1813	1817254.42	554500.51
1814	1817251.58	554502.85
1815	1817249.8	554502.66
1816	1817247.14	554504.42
1817	1817245.23	554506.22
1818	1817242.6	554507.38
1819	1817239.68	554507.13
1820	1817236.92	554508.33
1821	1817234.36	554509.15
1822	1817233.19	554508.71
1823	1817232.12	554508.7
1824	1817229.51	554509.1
1825	1817229.66	554510.32
1826	1817225.49	554510.24
1827	1817223.69	554512.95
1828	1817222.18	554515.77
1829	1817221.61	554520.32
1830	1817222.22	554524.65
1831	1817221.59	554528.32
1832	1817220.03	554531.94
1833	1817217.38	554537.13
1834	1817214.45	554539.4
1835	1817211.83	554543.33
1836	1817210.28	554544.14
1837	1817209.27	554546.98
1838	1817207.78	554550.76
1839	1817206.12	554554.07
1840	1817204.7	554558.13
1841	1817203.93	554560.33
1842	1817201.8	554562.46
1843	1817199.89	554565.51
1844	1817198.1	554568.56
1845	1817197.52	554571.86
1846	1817196.45	554576.5
1847	1817195.35	554579.58
1848	1817194.6	554583.78
1849	1817193.46	554585.8
1850	1817192.12	554589.25
1851	1817190.9	554592.85
1852	1817189.88	554595.9
1853	1817190.75	554599.17
1854	1817189.43	554604.9
1855	1817187.72	554608.6
1856	1817186.92	554611.51
1857	1817185.02	554613.91
1858	1817183.56	554617.19
1859	1817182.62	554620.54
1860	1817180.89	554625.13
1861	1817177.67	554628.87
1862	1817175.36	554633.4
1863	1817174.26	554634.34
1864	1817174.04	554635.25
1865	1817173.87	554635.02
1866	1817171.39	554635.78
1867	1817168.97	554638.56
1868	1817166.26	554640.25
1869	1817165.84	554640.54
1870	1817164.22	554643.61
1871	1817164.07	554644.35
1872	1817163.79	554645.67
1873	1817159.97	554647.49
1874	1817156.81	554649.94
1875	1817154.1	554652.64
1876	1817149.67	554655.47
1877	1817147.94	554657.37
1878	1817147.19	554659.85
1879	1817146.22	554662.99
1880	1817143.62	554666.88
1881	1817140.83	554672.03
1882	1817140.71	554675.63
1883	1817140.73	554677.56
1884	1817139.08	554681.31
1885	1817137.25	554684.22
1886	1817136.35	554687.91
1887	1817136.21	554689.76
1888	1817136.07	554693.09
1889	1817135.15	554697.33
1890	1817134.65	554700.67
1891	1817134.18	554700.85
1892	1817134	554700.69
1893	1817133.39	554701.57
1894	1817131.99	554704.45
1895	1817130.69	554706.74
1896	1817128.65	554710.48
1897	1817126.37	554715.63
1898	1817125.7	554717.51
1899	1817124.65	554721.9
1900	1817124.34	554723.78
1901	1817123.36	554725.15
1902	1817122.52	554725.96
1903	1817121.34	554729.12
1904	1817121.6	554732.59
1905	1817121.6	554734.3
1906	1817121.95	554737.57
1907	1817121.93	554740.44
1908	1817121.54	554743.84
1909	1817121.81	554745.49
1910	1817121.43	554747.72
1911	1817121.59	554750.3
1912	1817121.95	554754.91
1913	1817121.05	554760.84
1914	1817121.56	554766.37
1915	1817119.8	554770.51
1916	1817120.52	554772.72
1917	1817126.99	554776.4
1918	1817134.38	554778.27
1919	1817141.14	554778.48
1920	1817149.08	554776.77
1921	1817158.3	554779.94
1922	1817166.08	554782.9
1923	1817170.5	554782.36
1924	1817178.01	554781.98
1925	1817186.51	554779.54
1926	1817195.36	554775.73
1927	1817204.82	554773.79
1928	1817213.51	554771.99
1929	1817222.04	554772.15
1930	1817232.13	554771.16
1931	1817239.77	554770.95
1932	1817241.01	554769.53
1933	1817241.77	554770.07
1934	1817242.21	554768.72
1935	1817243.1	554768.24
1936	1817243.3	554762.63
1937	1817243.68	554758.47
1938	1817245.38	554752.12
1939	1817245.99	554746.89
1940	1817246.38	554742.87
1941	1817247.73	554739.59
1942	1817249	554737.01
1943	1817250.46	554732.87
1944	1817251.43	554730.2
1945	1817253.33	554728.5
1946	1817254.45	554724.66
1947	1817254.6	554722.04
1948	1817254.71	554719.36
1949	1817256.36	554715.32
1950	1817256.35	554711.17
1951	1817256.7	554709.17
1952	1817257.29	554706.63
1953	1817257.69	554704.84
1954	1817258.72	554702.31
1955	1817260.1	554700.1
1956	1817261.07	554697
1957	1817261.23	554694.79
1958	1817261.28	554691.64
1959	1817260.28	554689.54
1960	1817261.33	554688.18
1961	1817264.55	554685.88
1962	1817269.39	554683.08
1963	1817274.26	554681.83
1964	1817278.8	554681.71
1965	1817282.14	554680.7
1966	1817286.74	554678.89
1967	1817290.47	554676.71
1968	1817294.29	554671.59
1969	1817297.66	554668.94
1970	1817302.34	554664.29
1971	1817306.14	554661.87
1972	1817311.47	554660.74
1973	1817315.74	554658.62
1974	1817316.39	554657.34
1975	1817320.34	554656.9
1976	1817324.19	554657.18
1977	1817328.87	554656.87
1978	1817332.42	554654.82
1979	1817338.41	554654.25
1980	1817339.82	554650.14
1981	1817340.46	554648.28
1982	1817339.31	554645.27
1983	1817339.93	554641.97
1984	1817340.57	554637.95
1985	1817342.7	554634.22
1986	1817342.37	554629.98
1987	1817342.46	554627.04
1988	1817345.62	554625.33
1989	1817348.42	554626.13
1990	1817352.06	554623.92
1991	1817355.87	554622.39
1992	1817358.29	554622.42
1993	1817361.35	554621.36
1994	1817365.82	554620.08
1995	1817371.18	554617.26
1996	1817375.92	554614.52
1997	1817379.26	554611.32
1998	1817384.41	554607.47
1999	1817388.44	554603.24
2000	1817392.83	554599.91
2001	1817396.49	554595.19
2002	1817400.51	554591.4
2003	1817402.89	554585.84
2004	1817404.67	554579.23
2005	1817407.83	554574.36
2006	1817411.52	554567.81
2007	1817413.31	554562.97
2008	1817415.66	554559.59
2009	1817417.75	554557.4
2010	1817420.72	554554.63
2011	1817423.47	554551
2012	1817427.32	554547.1
2013	1817430.67	554542.46
2014	1817433.52	554540.22
2015	1817436.97	554536.67
2016	1817438.91	554533.43
2017	1817442.54	554529.86
2018	1817447.2	554527.52
2019	1817451.33	554524.61
2020	1817452.77	554518.42
2021	1817453.29	554513.96
2022	1817453.45	554508.48
2023	1817453.55	554502.58
2024	1817453.9	554498.92
2025	1817454.26	554490.02
2026	1817451.82	554487.09
2027	1817444.18	554486.23
2028	1817439.36	554485.87
2029	1817434.05	554484.08
2030	1817428.16	554482.04
2031	1817423.44	554478.8
2032	1817419.08	554477.46
2033	1817417.93	554476.97
2034	1817420.19	554475.37
2035	1817423.1	554460.97
2036	1817432.46	554443.49
2037	1817441.78	554429.35
2038	1817449.93	554422.25
2039	1817450.74	554421.96
2040	1817495.98	554260.27
2041	1817496.19	554260.31
2042	1817495.91	554258.9
2043	1817496.94	554255.78
2044	1817499.18	554257.07
