1	1817499.74	554256.88
2	1817501.86	554256.41
3	1817497.08	554258.07
4	1817489.91	554253.74
5	1817482.45	554252.07
6	1817477.33	554248.21
7	1817470	554246.51
8	1817471.05	554254.47
9	1817472.32	554260.96
10	1817469.43	554267.19
11	1817464.44	554270.12
12	1817459.52	554274.88
13	1817453.29	554279
14	1817449.25	554284.45
15	1817445.62	554290.63
16	1817440.05	554294.26
17	1817436.73	554298.23
18	1817436.13	554304.39
19	1817434.24	554309.08
20	1817429.63	554311.06
21	1817427.94	554314.15
22	1817423.88	554317.48
23	1817419.49	554322.11
24	1817413.11	554324.73
25	1817408.71	554328.44
26	1817404.5	554330.36
27	1817398.72	554334.48
28	1817398.49	554342.19
29	1817402.92	554349.3
30	1817407.22	554355.7
31	1817411.32	554362.68
32	1817415	554367.68
33	1817417.3	554375.2
34	1817421.36	554381.1
35	1817425.62	554385.63
36	1817429.11	554391.75
37	1817427.93	554396
38	1817424.15	554401.68
39	1817421.11	554406.96
40	1817417.5	554413.87
41	1817414.38	554419.31
42	1817411.13	554426.46
43	1817408.56	554433.91
44	1817404.8	554440.56
45	1817403.27	554448.04
46	1817404.16	554456.2
47	1817405.24	554464.78
48	1817410.04	554471.26
49	1817415.93	554473.72
50	1817422.89	554473.32
51	1817427.94	554478
52	1817433.19	554480.52
53	1817440.13	554481.4
54	1817447.17	554482.8
55	1817453.17	554483.84
56	1817459.81	554488.33
57	1817468.43	554492.85
58	1817478.05	554493.64
59	1817486.94	554494.66
60	1817495.9	554495.36
61	1817504.23	554496.5
62	1817508.64	554493.48
63	1817509.61	554487.02
64	1817512.55	554480.44
65	1817514.59	554473.37
66	1817517.15	554468.22
67	1817523.14	554465.64
68	1817530.65	554466.68
69	1817537.14	554465.55
70	1817542.77	554464
71	1817547.32	554462.4
72	1817553.75	554463.51
73	1817561.36	554464.9
74	1817567.3	554462.07
75	1817569.62	554458.99
76	1817567.61	554452.39
77	1817567.42	554445.37
78	1817569.23	554440.5
79	1817571.76	554435.03
80	1817568.03	554430.75
81	1817561.64	554431.71
82	1817559.88	554427.06
83	1817557.77	554423.01
84	1817551.97	554420.72
85	1817547.07	554418.87
86	1817542.26	554416.11
87	1817538.78	554414.52
88	1817536.65	554409.97
89	1817535.25	554403.1
90	1817532.82	554396.46
91	1817527.5	554394.21
92	1817522.49	554392.2
93	1817516.67	554390.49
94	1817512.04	554390.87
95	1817507.56	554387.39
96	1817502.67	554384.63
97	1817497.27	554382.17
98	1817490.52	554378.67
99	1817484.48	554375.5
100	1817487.33	554366.34
101	1817490.32	554356.93
102	1817493.49	554347.85
103	1817498.02	554338.57
104	1817500.27	554330.06
105	1817503.53	554319.93
106	1817506.13	554309.31
107	1817508.2	554299.01
108	1817510.15	554290.07
109	1817510.38	554279.79
110	1817508.49	554270.13
111	1817504.32	554263.3
112	1817504.38	554256.83
113	1817505.19	554252.85
114	1817508.54	554252.39
115	1817513.96	554256.57
116	1817523.19	554261.61
117	1817530.92	554265.26
118	1817538.23	554270.33
119	1817551.33	554273.92
120	1817553.93	554268.9
121	1817554.74	554267.38
122	1817555.84	554264.79
123	1817557.99	554263.72
124	1817562	554258.2
125	1817564.68	554254.39
126	1817566.13	554249.34
127	1817565.01	554245.71
128	1817561.9	554241.59
129	1817562.75	554237.37
130	1817560.81	554232.29
131	1817560.85	554226.44
132	1817559.55	554226.13
133	1817560.13	554227.66
134	1817560.07	554226.92
135	1817558.44	554226.11
136	1817555.62	554223.2
137	1817555.77	554223.88
138	1817553.41	554223.56
139	1817549.36	554223.88
140	1817545.81	554224.79
141	1817542.83	554224.36
142	1817540.35	554224.28
143	1817538.34	554219.84
144	1817534.63	554215.6
145	1817533.41	554211.41
146	1817530.99	554206.02
147	1817528.22	554203.83
148	1817526.27	554199.4
149	1817524.91	554196.53
150	1817521.47	554192.55
151	1817518.69	554190.27
152	1817513.7	554188.68
153	1817508.97	554186.46
154	1817505.53	554183.44
155	1817502.86	554183.1
156	1817500.08	554179.29
157	1817499.5	554174.87
158	1817499.33	554171.04
159	1817499.78	554167.44
160	1817497.64	554165.67
161	1817496.7	554160.59
162	1817493.93	554156.13
163	1817492.69	554153.05
164	1817491.75	554149.44
165	1817489.67	554147.48
166	1817484.88	554147.31
167	1817480.28	554147.83
168	1817471.83	554148.29
169	1817463.46	554150.12
170	1817462.47	554148.89
171	1817462.07	554148.43
172	1817461.91	554148.83
173	1817460.94	554148.48
174	1817458.21	554148.85
175	1817452.5	554144.99
176	1817446.55	554140.79
177	1817443.95	554138.93
178	1817440.32	554135.98
179	1817436.28	554135.61
180	1817431.63	554136.28
181	1817425.88	554137.5
182	1817421.14	554138.12
183	1817421.23	554139.2
184	1817419.52	554139.24
185	1817414.79	554137.27
186	1817412.11	554140.84
187	1817405.68	554140.68
188	1817397.29	554143.8
189	1817392.43	554149.17
190	1817397.38	554157.35
191	1817404.27	554168.46
192	1817408.98	554178.53
193	1817415.92	554185.59
194	1817418.54	554190.44
195	1817426.88	554196.52
196	1817429.46	554201.97
197	1817445.42	554210.18
198	1817464.78	554214.16
199	1817471.2	554217.71
200	1817476.83	554224.4
201	1817480.26	554230.2
202	1817485.34	554236.92
203	1817495.11	554245.45
204	1817501.89	554251.86
205	1817505.4	554253.22
206	1817506.66	554256.28
207	1817503.32	554252.81
208	1817502.52	554251.79
209	1817501.84	554251.45
210	1817501.05	554250.7
211	1817501.27	554250.78
212	1817501.03	554251.09
213	1817500.71	554251.13
214	1817499.29	554250.39
215	1817500.62	554250.48
216	1817484.66	554241.93
217	1817447.98	554219.67
218	1817411.84	554189.02
219	1817385.94	554145.06
220	1817348.94	554108.72
221	1817307.98	554084.75
222	1817289.95	554055.54
223	1817285.84	554014.73
224	1817281.84	553997.01
225	1817286.28	553995.12
226	1817284.66	553987.66
227	1817282.78	553979.73
228	1817280.88	553972.46
229	1817278.94	553965.35
230	1817278.07	553958.41
231	1817272.22	553951.75
232	1817270.1	553946.81
233	1817265.46	553942.2
234	1817261.98	553937.74
235	1817259.47	553932.49
236	1817261.96	553928.46
237	1817264.8	553925.98
238	1817267.21	553923.7
239	1817270.8	553923.08
240	1817273.84	553923.53
241	1817275.39	553925.3
242	1817276.83	553927.75
243	1817281.5	553928.34
244	1817283.93	553928.93
245	1817287.24	553929.08
246	1817290.75	553929.66
247	1817293.34	553931.71
248	1817295.12	553931.5
249	1817297.5	553929.85
250	1817301.26	553928.72
251	1817305.88	553930.71
252	1817310.82	553932.17
253	1817315.46	553936.37
254	1817316.42	553938.83
255	1817319.46	553941.16
256	1817323.51	553942.56
257	1817328.17	553945.47
258	1817331.52	553948.37
259	1817332.95	553950.82
260	1817337.94	553954.24
261	1817341.97	553959.92
262	1817344.4	553965.85
263	1817345.86	553971.52
264	1817346.61	553977.31
265	1817350.7	553979.37
266	1817353.14	553980.1
267	1817356.95	553981.96
268	1817360.92	553984.82
269	1817363.63	553986.48
270	1817366.47	553987.93
271	1817369.83	553990.95
272	1817372.28	553992.43
273	1817376.68	553995.68
274	1817380.35	553999.31
275	1817381.41	554003.31
276	1817382.94	554005.24
277	1817386.54	554007.15
278	1817389.99	554009.69
279	1817390.51	554013.92
280	1817390.48	554017.32
281	1817389.85	554020.54
282	1817387.04	554024.32
283	1817386.31	554026.87
284	1817384.19	554030.02
285	1817383.72	554032.08
286	1817384.59	554036.5
287	1817384.86	554039.85
288	1817384.76	554043.3
289	1817382.83	554046.94
290	1817382.42	554047.43
291	1817379.76	554048.11
292	1817373.87	554050.93
293	1817368.4	554048.53
294	1817363.79	554047.9
295	1817358.25	554046.6
296	1817354.7	554045.84
297	1817350.31	554045.6
298	1817348.14	554047.27
299	1817346.23	554047.41
300	1817345.02	554047.49
301	1817342.87	554047.9
302	1817341.32	554048.73
303	1817336.07	554051.05
304	1817331.61	554055.05
305	1817327.18	554056.43
306	1817322.29	554058.24
307	1817317.72	554059.54
308	1817312.7	554061.09
309	1817308.18	554063.16
310	1817304.9	554057.05
311	1817301.13	554052.42
312	1817299.26	554045.28
313	1817295.96	554046.84
314	1817291.89	554041.54
315	1817291.25	554032.74
316	1817290.44	554025.25
317	1817288.8	554017.48
318	1817286.02	554007.09
319	1817283.18	553999.68
320	1817283.42	553998.96
321	1817284.11	553998.76
322	1817283.82	553998.71
323	1817280.52	553997.27
324	1817289.08	554022.57
325	1817298.64	554071.21
326	1817340.55	554102.94
327	1817388.19	554139.2
328	1817418.09	554192.12
329	1817460.89	554224.35
330	1817499.26	554246.57
331	1817512.28	554256.46
332	1817508.88	554261.03
333	1817505.52	554257.91
334	1817498.77	554250.51
335	1817489.85	554244.98
336	1817480.2	554239.16
337	1817470.42	554234.32
338	1817458.6	554236.73
339	1817451.3	554236
340	1817445.51	554231.93
341	1817441.81	554231.72
342	1817437.62	554228.27
343	1817433.3	554227.63
344	1817430.96	554226.92
345	1817428.82	554224.9
346	1817424.52	554220.76
347	1817421.02	554218.14
348	1817419.21	554216.55
349	1817417.65	554214.79
350	1817414.97	554213.4
351	1817411.65	554210.01
352	1817409.75	554206.9
353	1817408.22	554199.94
354	1817402.75	554189.5
355	1817396.4	554178.23
356	1817390.49	554167.13
357	1817384.78	554156.95
358	1817380.32	554150.33
359	1817375.44	554155.08
360	1817368.69	554156.29
361	1817363.92	554158.44
362	1817359.18	554167.62
363	1817355.88	554175.53
364	1817350.73	554183.03
365	1817343.96	554192.41
366	1817335.96	554200.63
367	1817329.26	554205.96
368	1817322.89	554213.68
369	1817320.63	554222.24
370	1817318.76	554230.55
371	1817316.21	554240.45
372	1817316.61	554249.25
373	1817315.52	554257.2
374	1817314.73	554265.69
375	1817312.01	554275.84
376	1817309.44	554286.1
377	1817304.68	554294.78
378	1817300.83	554301.83
379	1817297.45	554308.96
380	1817295.13	554315.74
381	1817296.79	554322.42
382	1817301.05	554327.95
383	1817300.91	554333.6
384	1817301.21	554336.51
385	1817299.44	554342.51
386	1817299.66	554349.89
387	1817300.97	554354.87
388	1817300.52	554360.48
389	1817300.21	554366.16
390	1817299.97	554371.13
391	1817298.43	554376.31
392	1817298.68	554383.39
393	1817297.29	554388.72
394	1817297.56	554391.83
395	1817294.35	554398.41
396	1817293.33	554401.29
397	1817291.9	554406.08
398	1817288.52	554412.55
399	1817285.81	554420.46
400	1817282.13	554427.12
401	1817276.95	554434.25
402	1817267.07	554435.69
403	1817260.81	554438.81
404	1817254.03	554442.33
405	1817247.97	554445.17
406	1817243.35	554447.8
407	1817241.67	554450.02
408	1817243.92	554454.42
409	1817246.49	554460.03
410	1817247.47	554468.37
411	1817249.26	554475.85
412	1817251.08	554480.04
413	1817251.43	554486.41
414	1817252.37	554492.08
415	1817255.39	554497.8
416	1817262.23	554497.04
417	1817269.21	554494.83
418	1817276.34	554491.56
419	1817287.14	554490.54
420	1817296.23	554484.81
421	1817303.78	554485.37
422	1817312.63	554483.6
423	1817321.04	554485.98
424	1817330.12	554486.18
425	1817337.95	554483.47
426	1817347.11	554480.58
427	1817353.39	554477.72
428	1817357.79	554479.06
429	1817361.42	554478.48
430	1817363.34	554476.42
431	1817362.65	554476.11
432	1817362.11	554475.41
433	1817369.3	554475.5
434	1817371.76	554474.75
435	1817377.03	554474.12
436	1817382.15	554473.13
437	1817389.61	554474.02
438	1817393.88	554473.22
439	1817398.5	554472.74
440	1817403.42	554472.13
441	1817410.27	554473.38
442	1817410	554470.58
443	1817405.74	554463.95
444	1817402.15	554456.99
445	1817401.13	554447.21
446	1817404.9	554435.93
447	1817408.26	554427.77
448	1817412.06	554420.01
449	1817416.99	554411.7
450	1817420.52	554405.8
451	1817422.6	554401.49
452	1817424.08	554393.31
453	1817418.69	554386.55
454	1817415.17	554378.83
455	1817409.84	554372.42
456	1817403.63	554362.27
457	1817397.03	554354.37
458	1817395	554345.89
459	1817387.53	554342.09
460	1817383.36	554337.22
461	1817384.09	554333.43
462	1817382.79	554326.89
463	1817390.81	554322.4
464	1817398.27	554321.71
465	1817406	554320.9
466	1817412.01	554317.46
467	1817418.98	554316.32
468	1817424.27	554312.09
469	1817429.63	554308.29
470	1817434.52	554302.82
471	1817435.83	554296.38
472	1817440.4	554293
473	1817441.17	554290.85
474	1817444.84	554287.27
475	1817447.04	554285.63
476	1817449.45	554282.53
477	1817451.16	554280.81
478	1817451.52	554280.44
479	1817452.08	554279.1
480	1817454.08	554276.03
481	1817456.92	554273.41
482	1817460.33	554273.97
483	1817460.65	554270.14
484	1817462.83	554266.57
485	1817466.88	554262.17
486	1817469.1	554257.86
487	1817468.52	554257.23
488	1817468.1	554253.29
489	1817469.87	554250.91
490	1817469.09	554247.55
491	1817469.32	554243.78
492	1817464.89	554241.43
493	1817459.44	554239.18
494	1817468.26	554233.82
495	1817478.82	554237.71
496	1817488	554243.31
497	1817496.92	554248.17
498	1817504.3	554255.93
499	1817508.44	554259.25
500	1817518.19	554261.54
501	1817528.22	554266.75
502	1817537.22	554272.2
503	1817547.62	554277.53
504	1817556.21	554282.09
505	1817564.32	554289.74
506	1817573.29	554297.12
507	1817580.74	554307.52
508	1817586.92	554315.95
509	1817595.63	554326.9
510	1817602.02	554336.14
511	1817609.95	554345.38
512	1817616.9	554353.65
513	1817623.98	554362.85
514	1817631.17	554371.38
515	1817636.7	554380.19
516	1817635.14	554384.05
517	1817633.05	554385.51
518	1817629.83	554381.71
519	1817625.81	554378.32
520	1817621.73	554374.31
521	1817618.1	554370.99
522	1817615.79	554367.88
523	1817614.1	554364.12
524	1817609.51	554363.51
525	1817606.3	554367.38
526	1817604.97	554372.28
527	1817603.75	554377.03
528	1817602.41	554383.08
529	1817601.65	554388.63
530	1817599.3	554393.51
531	1817596.19	554398.78
532	1817592.35	554403.04
533	1817587.91	554408.16
534	1817584.13	554412.23
535	1817582.11	554416.75
536	1817579.56	554421.81
537	1817579.1	554426.38
538	1817578.44	554430.15
539	1817579.77	554434.74
540	1817581.04	554438.95
541	1817579.3	554443.55
542	1817580.32	554448.47
543	1817580.96	554451.87
544	1817583.02	554458.01
545	1817585.47	554462.54
546	1817584.51	554466.94
547	1817583.35	554472.49
548	1817583.66	554477.03
549	1817584.87	554481.39
550	1817586.52	554486.77
551	1817590.19	554490.05
552	1817591.99	554495.04
553	1817592.26	554499.16
554	1817592.78	554503.91
555	1817593.64	554509.03
556	1817596.7	554514.7
557	1817598.57	554518.92
558	1817599.81	554523.97
559	1817600.38	554529.36
560	1817605.08	554534.52
561	1817611.78	554534.95
562	1817617.07	554532.88
563	1817621.24	554531.05
564	1817625.68	554527.02
565	1817629.16	554521.5
566	1817633.5	554516.65
567	1817638.38	554511.85
568	1817645.69	554507.34
569	1817651.75	554501.96
570	1817656.61	554496.75
571	1817659.34	554491.35
572	1817657.91	554486.06
573	1817657.52	554479.06
574	1817656.91	554472.14
575	1817657.09	554464.95
576	1817657.32	554456.55
577	1817659.82	554448.94
578	1817661.61	554441.82
579	1817664.86	554434.2
580	1817666.51	554425.85
581	1817666.41	554417.93
582	1817663.67	554409.45
583	1817655.29	554402.18
584	1817648.19	554393.94
585	1817642.42	554385.94
586	1817635.25	554377.99
587	1817629.09	554370.34
588	1817624.66	554362.37
589	1817617.85	554353.74
590	1817611.12	554345.08
591	1817602.99	554337.76
592	1817596.59	554329.48
593	1817592.25	554321.07
594	1817587.01	554312.82
595	1817580.57	554303.83
596	1817573.51	554296.59
597	1817564.89	554289.63
598	1817556.06	554283.49
599	1817548.31	554278.51
600	1817540.66	554273.44
601	1817532.1	554268.58
602	1817523.49	554263.97
603	1817514.91	554258.83
604	1817506.3	554256.16
605	1817502.91	554254.06
606	1817500.46	554251.42
607	1817492.24	554246.87
608	1817484.35	554240.15
609	1817474.67	554234.33
610	1817468.08	554227.7
611	1817471.79	554218.53
612	1817466.98	554207.69
613	1817464.48	554198.43
614	1817465.8	554189.28
615	1817465.68	554179.66
616	1817465.93	554169.67
617	1817464.48	554159.39
618	1817466.97	554151.8
619	1817475.75	554149.63
620	1817480.46	554148.32
621	1817483.22	554148.28
622	1817487.02	554148.25
623	1817487.98	554147.97
624	1817489.08	554147.79
625	1817490.72	554145.26
626	1817492.59	554138.81
627	1817492.65	554133.05
628	1817493.1	554126.71
629	1817492.55	554121.95
630	1817490.69	554117.64
631	1817489.54	554114.15
632	1817487.77	554110.41
633	1817483.11	554106.44
634	1817480.52	554102.32
635	1817477.77	554098.05
636	1817477.39	554094.21
637	1817475.61	554091.06
638	1817471.72	554086.08
639	1817470.32	554084.73
640	1817469.93	554082.85
641	1817468.12	554077.45
642	1817465.21	554073
643	1817463.61	554071.96
644	1817460.45	554070.16
645	1817458.12	554067.72
646	1817453.83	554066.78
647	1817451.08	554063.89
648	1817448.33	554058.51
649	1817444.61	554054.55
650	1817444.85	554050.33
651	1817445.69	554049.83
652	1817447.15	554046.86
653	1817448.73	554044.52
654	1817451.02	554041.91
655	1817451.02	554038.01
656	1817451.87	554036.79
657	1817452.04	554036.34
658	1817453.09	554035.25
659	1817455.28	554032.37
660	1817458.37	554030.67
661	1817460.66	554028.38
662	1817462.99	554026.37
663	1817464.33	554023.25
664	1817471.23	554020.13
665	1817474.11	554016.08
666	1817476.34	554012.44
667	1817475.37	554009.08
668	1817475.18	554004.55
669	1817475.27	554001.91
670	1817474.82	553998.99
671	1817475.55	553995.98
672	1817475.87	553989.18
673	1817477.31	553985.44
674	1817476.73	553985.01
675	1817473.37	553984.07
676	1817469.8	553982.29
677	1817467.1	553981.37
678	1817461.75	553979.79
679	1817460.42	553978.82
680	1817457.91	553977.07
681	1817451.48	553975.79
682	1817447.91	553975.11
683	1817444.76	553976.54
684	1817439.77	553975.84
685	1817435.21	553974.32
686	1817430.37	553972.96
687	1817423.8	553970.18
688	1817420.79	553968.11
689	1817417.71	553967.08
690	1817414.16	553967.24
691	1817408.86	553968.12
692	1817405.85	553970.47
693	1817408.69	553976.08
694	1817409.11	553982.94
695	1817405.9	553988.22
696	1817404.57	553991.6
697	1817404.35	553996.8
698	1817402.64	553998.94
699	1817401.83	554001.22
700	1817399.41	554003.48
701	1817395.77	554007.41
702	1817396.69	554012.43
703	1817396.99	554016.18
704	1817396.32	554018.4
705	1817396.24	554022.83
706	1817396.74	554025.6
707	1817393.54	554027.36
708	1817391.68	554030.6
709	1817393.46	554033.82
710	1817392.05	554037.42
711	1817389.41	554039.85
712	1817386.77	554042.98
713	1817389.61	554047.22
714	1817395.18	554049.37
715	1817399.63	554053.14
716	1817404.17	554056.39
717	1817406.26	554056.45
718	1817408.7	554057.78
719	1817406.55	554058.79
720	1817407.49	554060.31
721	1817410.89	554062.59
722	1817411.69	554064.92
723	1817410	554066.06
724	1817409.62	554069.06
725	1817411.48	554072.4
726	1817415.77	554075.7
727	1817414.77	554079.94
728	1817412.06	554082.49
729	1817413.69	554089.19
730	1817414.3	554095.62
731	1817416.01	554100.25
732	1817415.34	554106.19
733	1817414.6	554112.5
734	1817412.21	554118.88
735	1817413.16	554124.23
736	1817413.05	554129.32
737	1817416.21	554131.95
738	1817418.48	554136.26
739	1817421.55	554138.13
740	1817425.45	554137.31
741	1817428.78	554134.88
742	1817428.21	554133.51
743	1817429.75	554132.46
744	1817434.48	554133.56
745	1817438.3	554132.97
746	1817440.34	554134.96
747	1817443.03	554138.21
748	1817446.31	554139.92
749	1817450.12	554143.53
750	1817453.95	554145.75
751	1817455.98	554146.61
752	1817460.4	554149.34
753	1817467.17	554150.03
754	1817466.02	554156.71
755	1817467.61	554166.83
756	1817466.66	554177.93
757	1817466.53	554186.23
758	1817465.32	554195.25
759	1817467.29	554204.35
760	1817471.73	554213.94
761	1817469.22	554225.76
762	1817467	554231.43
763	1817476.33	554235.79
764	1817485.52	554240.41
765	1817493.55	554245.85
766	1817500.21	554251.57
767	1817506.58	554254.77
768	1817514.7	554261.23
769	1817527.32	554266.85
770	1817572.63	554296.41
771	1817614.12	554349.88
772	1817663.22	554408.55
773	1817723.23	554431.8
774	1817773.02	554446.2
775	1817795.13	554456.22
776	1817793.53	554453.49
777	1817794.64	554449.25
778	1817797.83	554445.02
779	1817798.01	554444.13
780	1817801.54	554442.82
781	1817801.91	554441.48
782	1817801.5	554439.79
783	1817801.89	554437.69
784	1817802.22	554437.33
785	1817805.21	554436.35
786	1817805.59	554435.95
787	1817805.91	554434.26
788	1817802.32	554435.29
789	1817797.33	554431.96
790	1817794.01	554428.35
791	1817793.82	554426.81
792	1817791.38	554424.9
793	1817789.01	554423.71
794	1817786.86	554421.5
795	1817785.05	554417.88
796	1817783.97	554416.39
797	1817781.54	554413.19
798	1817778.03	554410.11
799	1817775.65	554407.78
800	1817772.61	554406.16
801	1817770.04	554403.34
802	1817769.24	554402.5
803	1817765.24	554398.4
804	1817765.58	554396.58
805	1817769.82	554393.97
806	1817773.56	554390.52
807	1817775.24	554388.18
808	1817776.92	554385.86
809	1817778.55	554383.55
810	1817779.66	554381.61
811	1817782.07	554379.4
812	1817781.76	554376.02
813	1817784.62	554374.8
814	1817787.15	554371.95
815	1817786.78	554370.12
816	1817789.01	554366.46
817	1817790.21	554362.07
818	1817794.28	554360.3
819	1817796.66	554356.31
820	1817798.8	554354.7
821	1817800.73	554352.21
822	1817803.78	554349.48
823	1817803.49	554345.13
824	1817800.58	554341.21
825	1817794.59	554339.98
826	1817788.32	554337.28
827	1817783.09	554338.99
828	1817779.24	554341.35
829	1817774.79	554341.64
830	1817769.43	554340.75
831	1817763.97	554340.22
832	1817759.48	554336.65
833	1817756.92	554331.43
834	1817754.67	554329.14
835	1817750.59	554333.47
836	1817744.3	554332.7
837	1817739.78	554329.76
838	1817739.17	554325.25
839	1817734.33	554323.38
840	1817729.7	554323.17
841	1817724.24	554322.89
842	1817717.97	554321.33
843	1817714.92	554316.53
844	1817709.95	554314.23
845	1817705.11	554314.93
846	1817706.54	554319.47
847	1817704.36	554320.68
848	1817702.81	554324.25
849	1817699.44	554326.78
850	1817696.55	554328.17
851	1817692.14	554329.37
852	1817689.39	554330.81
853	1817686.91	554335.47
854	1817686.69	554339.95
855	1817687.93	554344.83
856	1817690.31	554351.38
857	1817692.03	554357.45
858	1817689.72	554362.89
859	1817688.82	554368.23
860	1817688.1	554373.19
861	1817687.27	554379.91
862	1817687.16	554386.42
863	1817684.67	554390.3
864	1817680.86	554392.44
865	1817678.14	554396.65
866	1817675.98	554400.69
867	1817671.82	554405.25
868	1817678.96	554409.82
869	1817680.06	554413.81
870	1817687.17	554415.53
871	1817697.49	554418.37
872	1817708.17	554420.57
873	1817718.14	554423.92
874	1817734.78	554427.59
875	1817745.76	554431.72
876	1817756.39	554434.77
877	1817766.96	554439.02
878	1817776.04	554444.64
879	1817784.51	554451.88
880	1817791	554454.75
881	1817790.3	554456.94
882	1817775.05	554447.68
883	1817727.35	554428.87
884	1817668.12	554411.42
885	1817619.6	554359.87
886	1817574.3	554299.58
887	1817525.85	554266.34
888	1817514.78	554260.79
889	1817508.17	554256.79
890	1817501.13	554255.82
891	1817501.59	554254.91
892	1817501.52	554255.95
893	1817504.76	554274.67
894	1817498.53	554322.92
895	1817483.91	554368.74
896	1817456.51	554407.59
897	1817449.31	554445.68
898	1817451.82	554486.18
899	1817453.14	554512.66
900	1817451.33	554531.37
901	1817447.99	554541.36
902	1817447.47	554542.29
903	1817447	554542.43
904	1817446.6	554546.24
905	1817447.27	554547.05
906	1817446.93	554544.43
907	1817446.43	554544.52
908	1817446.55	554544.34
909	1817445.81	554546.01
910	1817444.95	554546.59
911	1817445.59	554545.98
912	1817445.74	554545.77
913	1817445.09	554545.48
914	1817443.6	554544.13
915	1817443.81	554543.8
916	1817443.55	554543.18
917	1817445.05	554543.88
918	1817445.53	554544.02
919	1817446.32	554544.81
920	1817446.41	554544.84
921	1817446.11	554544.18
922	1817445.96	554544
923	1817446.2	554543.86
924	1817446.1	554543.5
925	1817445.31	554543.88
926	1817445.94	554544.17
927	1817444.23	554548.07
928	1817442.5	554564.34
929	1817441.02	554563.24
930	1817444.67	554545.56
931	1817452.71	554489.29
932	1817454.24	554410.23
933	1817492.02	554345.12
934	1817509.82	554276.76
935	1817506.56	554262.89
936	1817503.97	554264.87
937	1817504.17	554263.38
938	1817504.09	554263.84
939	1817504.23	554264.23
940	1817504.14	554263.84
941	1817503.35	554263.35
942	1817503.86	554258.02
943	1817502.23	554257.89
944	1817501.7	554258.28
945	1817510.38	554260.84
946	1817537.41	554273.28
947	1817581.31	554310.57
948	1817632.15	554373.17
949	1817683.07	554416.33
950	1817753.66	554434.65
951	1817815.79	554478.64
952	1817834.75	554542.65
953	1817849.71	554584.93
954	1817839.38	554592.13
955	1817829.12	554595.88
956	1817815.92	554600.26
957	1817799.78	554607.38
958	1817781.54	554622.54
959	1817758.44	554646.47
960	1817737.79	554666.4
961	1817729.04	554688.78
962	1817724.18	554705.2
963	1817722.3	554714.02
964	1817727.93	554723.16
965	1817742.38	554734
966	1817752.07	554740.53
967	1817758.58	554749.16
968	1817756.45	554755.25
969	1817760.07	554759.17
970	1817767.74	554760.35
971	1817774.61	554762.55
972	1817778.46	554765.02
973	1817782.9	554768.56
974	1817788.16	554771.59
975	1817792.97	554773.27
976	1817798.09	554776.69
977	1817802.58	554780.28
978	1817803.77	554782.51
979	1817808.47	554781.24
980	1817813.33	554784.8
981	1817817.99	554786.42
982	1817824.22	554786.89
983	1817829.64	554784.41
984	1817833.81	554783.13
985	1817837.27	554779.17
986	1817838.73	554774.31
987	1817842.82	554770.52
988	1817845.26	554765.11
989	1817848.76	554760.07
990	1817853.1	554755.71
991	1817858.07	554751.28
992	1817860.84	554747.98
993	1817862.99	554745.36
994	1817864.29	554739.81
995	1817866.34	554735.37
996	1817865.48	554732.94
997	1817857.49	554733.72
998	1817852.39	554729.07
999	1817848.12	554724.57
1000	1817841.33	554721.21
1001	1817838.59	554717.4
1002	1817834.22	554713.22
1003	1817828.77	554711.61
1004	1817821.89	554712.22
1005	1817816.87	554713.6
1006	1817811.83	554711.44
1007	1817809.99	554711.55
1008	1817807.97	554715.48
1009	1817804.43	554715.33
1010	1817799.84	554711.06
1011	1817796.62	554712.3
1012	1817791.96	554712.77
1013	1817786.79	554712.91
1014	1817783.49	554712.25
1015	1817779.49	554714.9
1016	1817775.1	554715.68
1017	1817768.33	554717.37
1018	1817763.98	554727.27
1019	1817763.7	554733.56
1020	1817763.67	554740.08
1021	1817759.29	554745.64
1022	1817754.06	554748.78
1023	1817750.58	554741.44
1024	1817744.88	554735.92
1025	1817737.67	554732.79
1026	1817730.67	554725.52
1027	1817724.88	554721.55
1028	1817722.4	554713.62
1029	1817722.04	554705.21
1030	1817721.47	554706.92
1031	1817711.5	554723.46
1032	1817703.56	554733.9
1033	1817690.99	554746.39
1034	1817675.37	554755.54
1035	1817665.56	554760.59
1036	1817660.36	554764.54
1037	1817650.25	554773.18
1038	1817635.48	554779.35
1039	1817613.23	554797.77
1040	1817594.72	554810.01
1041	1817590.91	554812.09
1042	1817594.28	554810.7
1043	1817592.62	554804.53
1044	1817592.47	554799.04
1045	1817593.17	554795.15
1046	1817594.39	554790.37
1047	1817595.13	554783.18
1048	1817595.17	554779.06
1049	1817592.1	554776.87
1050	1817586.22	554773.47
1051	1817583.82	554768.12
1052	1817577.62	554765.91
1053	1817570.19	554766.34
1054	1817565.52	554767.71
1055	1817560.71	554767.35
1056	1817556.24	554766.69
1057	1817549.65	554766.53
1058	1817544.09	554766.2
1059	1817540.56	554768.69
1060	1817535.06	554767.43
1061	1817528.85	554765.46
1062	1817523.21	554763.9
1063	1817515.98	554761.23
1064	1817510.45	554755.58
1065	1817503.54	554750.57
1066	1817496.53	554752.57
1067	1817490.16	554755.35
1068	1817483.18	554753.01
1069	1817477.67	554748.99
1070	1817473.19	554742.23
1071	1817466.22	554742.4
1072	1817461.09	554747.47
1073	1817458.08	554754.63
1074	1817452.89	554760.42
1075	1817450.83	554762.75
1076	1817447.82	554767.24
1077	1817445.51	554771.76
1078	1817454.9	554772.18
1079	1817462.2	554771.62
1080	1817463.89	554773.56
1081	1817463.27	554777.91
1082	1817459.93	554783.29
1083	1817463.11	554785.98
1084	1817471.36	554789.77
1085	1817475.74	554794.26
1086	1817473.9	554799.26
1087	1817474.34	554802.5
1088	1817472.9	554804.57
1089	1817473.95	554806.31
1090	1817476.2	554806.99
1091	1817476.55	554808.11
1092	1817477.47	554810.61
1093	1817480.2	554812.94
1094	1817483.62	554813.17
1095	1817484.66	554814.77
1096	1817485.19	554816.33
1097	1817486.63	554816.18
1098	1817488.33	554817.23
1099	1817496.68	554817.22
1100	1817503.03	554813.24
1101	1817508.51	554809.12
1102	1817515.59	554808.95
1103	1817518.95	554808.42
1104	1817522.96	554808.92
1105	1817526.18	554809.67
1106	1817529	554813.85
1107	1817529.23	554819.93
1108	1817524.91	554822.04
1109	1817525.93	554823.55
1110	1817528.02	554828.88
1111	1817527.08	554831.14
1112	1817527.27	554838.31
1113	1817531.37	554842.24
1114	1817534.89	554847.55
1115	1817541.92	554851.2
1116	1817547.47	554846.14
1117	1817555.68	554846.02
1118	1817562.65	554848.6
1119	1817570.05	554848.91
1120	1817576.96	554853.82
1121	1817583.79	554859.32
1122	1817592.35	554861.09
1123	1817594.49	554852.45
1124	1817596.87	554845.72
1125	1817600.78	554842.76
1126	1817603.68	554838.16
1127	1817602.3	554833.02
1128	1817603.33	554828.19
1129	1817600.4	554825.73
1130	1817596.18	554824.48
1131	1817593.31	554822.42
1132	1817591.84	554819.84
1133	1817592.95	554816.48
1134	1817594.06	554808.81
1135	1817593.29	554808.32
1136	1817594.63	554809.55
1137	1817597.1	554812.07
1138	1817596.71	554809.17
1139	1817596.02	554808.97
1140	1817595.69	554810.19
1141	1817590.23	554812.47
1142	1817596.65	554809.22
1143	1817607.68	554802.53
1144	1817622.62	554791.39
1145	1817639.43	554776.91
1146	1817656.04	554768.51
1147	1817666.81	554762.51
1148	1817674.85	554757.95
1149	1817688.38	554752.32
1150	1817705.23	554739.96
1151	1817713.86	554725.01
1152	1817723.7	554702.74
1153	1817728.57	554680.86
1154	1817743.14	554657.55
1155	1817763.08	554637.99
1156	1817786.52	554617.59
1157	1817805.45	554604.21
1158	1817818.8	554599.35
1159	1817832.2	554598.72
1160	1817845.74	554594.39
1161	1817839.87	554567.34
1162	1817832.12	554520.02
1163	1817809.63	554470.52
1164	1817755.61	554435.33
1165	1817688.41	554418.34
1166	1817632.72	554382.36
1167	1817590.81	554323.18
1168	1817545.19	554276.48
1169	1817507.33	554258.42
1170	1817503.36	554258.08
1171	1817502.37	554263.08
1172	1817503.28	554263.68
1173	1817501.43	554267.51
1174	1817501.58	554267.52
1175	1817503.12	554267.39
1176	1817503.2	554265.68
1177	1817503.39	554265.52
1178	1817507.52	554260.87
1179	1817505.98	554259.96
1180	1817507.56	554258.5
1181	1817519.29	554262.78
1182	1817554.01	554280.47
1183	1817589.35	554315.71
1184	1817623.53	554361.28
1185	1817662.91	554408.29
1186	1817717.79	554427.6
1187	1817775.32	554447.76
1188	1817821.83	554488.44
1189	1817834.88	554541.5
1190	1817852.49	554594.73
1191	1817891.31	554642.04
1192	1817932.32	554682.5
1193	1817987.44	554691.77
1194	1818039.3	554686.32
1195	1818080.48	554656.53
1196	1818094.97	554614.26
1197	1818108.63	554563.89
1198	1818099.3	554511.41
1199	1818125.75	554472.12
1200	1818163.83	554434.42
1201	1818207.12	554433.55
1202	1818241.51	554444.75
1203	1818250.48	554445.36
1204	1818249.18	554445.34
1205	1818249.86	554444.25
1206	1818251.13	554438.11
1207	1818253.97	554433.79
1208	1818258.61	554431.45
1209	1818261.51	554429.55
1210	1818264.79	554426.16
1211	1818267.96	554423.21
1212	1818273.32	554419.33
1213	1818279.17	554418.24
1214	1818283.58	554417.33
1215	1818287.73	554417.42
1216	1818288.16	554418.92
1217	1818290.87	554421.74
1218	1818291.03	554421.35
1219	1818292.96	554420.99
1220	1818294.84	554417.69
1221	1818296.36	554412.25
1222	1818298.14	554408.45
1223	1818295.71	554403.66
1224	1818292.13	554400.41
1225	1818292.54	554397.52
1226	1818292.15	554393.3
1227	1818290.99	554389.41
1228	1818290.34	554385.26
1229	1818288.19	554380.69
1230	1818283.42	554378.73
1231	1818282.03	554374.92
1232	1818280.46	554370.29
1233	1818279.17	554365.68
1234	1818278.34	554361.03
1235	1818276.03	554355.05
1236	1818273.77	554349.42
1237	1818272.39	554344.26
1238	1818269.13	554341.77
1239	1818265.89	554342.02
1240	1818264.79	554336.99
1241	1818263.25	554334.06
1242	1818262.66	554332.02
1243	1818264.22	554328.49
1244	1818262.51	554327.69
1245	1818262.49	554326.74
1246	1818260.92	554325.71
1247	1818261.21	554323.42
1248	1818259.72	554321.1
1249	1818259.97	554318.47
1250	1818258.61	554317.26
1251	1818258.47	554314.47
1252	1818260.54	554311.05
1253	1818261.43	554308.55
1254	1818261.66	554304.61
1255	1818261.71	554302.19
1256	1818265.16	554300.25
1257	1818266.03	554297.55
1258	1818268.06	554293.81
1259	1818267.66	554291.46
1260	1818267.49	554288.25
1261	1818271.28	554283.69
1262	1818274.9	554281.02
1263	1818277.88	554276.69
1264	1818282.63	554274.8
1265	1818285.82	554277.89
1266	1818288.79	554279.59
1267	1818291.61	554280.33
1268	1818291.48	554280.97
1269	1818293.03	554283.44
1270	1818294.95	554285.08
1271	1818294.57	554285.49
1272	1818295.33	554287.72
1273	1818294.64	554289.77
1274	1818298.46	554290.93
1275	1818301.46	554291.11
1276	1818306.11	554291.13
1277	1818307.03	554289.72
1278	1818309.87	554290.51
1279	1818312.02	554294.76
1280	1818312.65	554296.86
1281	1818313.02	554300.82
1282	1818315.17	554301.59
1283	1818314.84	554303.08
1284	1818315.78	554305.15
1285	1818318.81	554310.49
1286	1818320.33	554310.72
1287	1818323.87	554311.27
1288	1818327.15	554309.66
1289	1818332.15	554312.02
1290	1818334.97	554315.71
1291	1818336.93	554317.58
1292	1818340.26	554317.11
1293	1818345.44	554314.63
1294	1818349.13	554313.42
1295	1818353.09	554314.94
1296	1818354.98	554317.61
1297	1818355.73	554318.02
1298	1818357.93	554318.86
1299	1818358.53	554318.05
1300	1818361.01	554318.23
1301	1818364.36	554317.47
1302	1818369.06	554319.94
1303	1818373.54	554324.32
1304	1818374.22	554329.11
1305	1818376.16	554332.8
1306	1818377.65	554336.82
1307	1818380.89	554339.71
1308	1818383.15	554343.09
1309	1818386.16	554349.4
1310	1818386.74	554354.55
1311	1818388.99	554359.16
1312	1818392.34	554362.62
1313	1818396.59	554363.43
1314	1818400.9	554363.48
1315	1818406.76	554364.82
1316	1818410.84	554368.41
1317	1818409.74	554374.49
1318	1818411.57	554378.37
1319	1818412.55	554380.25
1320	1818416.88	554380.13
1321	1818424.86	554379.89
1322	1818430.23	554383.67
1323	1818437.29	554386.97
1324	1818441.37	554388.35
1325	1818447.84	554389.34
1326	1818447.57	554395.47
1327	1818446.97	554402.95
1328	1818441.76	554408.71
1329	1818435.05	554413.45
1330	1818427.93	554417.14
1331	1818422.6	554420.3
1332	1818416.96	554421.32
1333	1818412.42	554421.55
1334	1818406.5	554424.49
1335	1818405.42	554431.21
1336	1818405.33	554438.12
1337	1818405.27	554445.39
1338	1818401.75	554449.95
1339	1818393.93	554448.69
1340	1818385.54	554448.46
1341	1818376.42	554448.08
1342	1818366.62	554446.78
1343	1818355.62	554446.72
1344	1818344.74	554447.4
1345	1818333.6	554447.49
1346	1818324.13	554448.1
1347	1818315.71	554447.29
1348	1818304.52	554447.93
1349	1818293.92	554449.49
1350	1818285.15	554450.45
1351	1818277.03	554449.53
1352	1818268.04	554447.9
1353	1818257.55	554445.89
1354	1818249.31	554444.3
1355	1818248.16	554443.1
1356	1818248.35	554444.25
1357	1818249.23	554444.92
1358	1818263.21	554448.67
1359	1818306.4	554449.89
1360	1818351.29	554448.06
1361	1818395.3	554448.41
1362	1818442.27	554450.92
1363	1818481.47	554451.64
1364	1818492.1	554451.34
1365	1818494.84	554448.94
1366	1818501.89	554442.79
1367	1818511.67	554437.61
1368	1818520.67	554433.51
1369	1818530.64	554431.04
1370	1818539.53	554427.9
1371	1818547.2	554425.7
1372	1818555.33	554423.37
1373	1818561.37	554421.2
1374	1818568.31	554425.92
1375	1818573.38	554424.09
1376	1818580.1	554421.01
1377	1818587.38	554417.99
1378	1818589.58	554413.24
1379	1818594.73	554409.11
1380	1818601.4	554405.09
1381	1818604.91	554397.78
1382	1818610.1	554393.39
1383	1818616.43	554389.65
1384	1818621.69	554385.97
1385	1818625.98	554380.09
1386	1818631.1	554375.36
1387	1818635.64	554373.7
1388	1818639.55	554372.85
1389	1818642.99	554374.2
1390	1818648.38	554374.28
1391	1818651.92	554371.83
1392	1818655.09	554369.68
1393	1818658.2	554365.17
1394	1818661.12	554362.29
1395	1818665.05	554365.65
1396	1818668.56	554369.52
1397	1818673.69	554373.26
1398	1818680.6	554375.92
1399	1818684.05	554377.77
1400	1818684.35	554382.46
1401	1818687.92	554384.87
1402	1818691.27	554386.88
1403	1818695.18	554388.17
1404	1818699.93	554388.69
1405	1818703.97	554389.24
1406	1818707.35	554390.55
1407	1818710.32	554393.17
1408	1818714.54	554394.34
1409	1818719.76	554396.95
1410	1818724.43	554401.04
1411	1818726.81	554406.01
1412	1818730.41	554406.97
1413	1818732.79	554407.63
1414	1818735.36	554407.77
1415	1818736.52	554412.69
1416	1818738.3	554414.56
1417	1818739.39	554417.14
1418	1818735.33	554419.07
1419	1818731.4	554421.6
1420	1818726.36	554420.21
1421	1818722.65	554417.99
1422	1818720.48	554417.91
1423	1818719.43	554418.52
1424	1818718.11	554419.21
1425	1818717.2	554420.79
1426	1818715.78	554421.95
1427	1818718.86	554427.09
1428	1818721.88	554428.37
1429	1818723.09	554429.65
1430	1818723	554431.63
1431	1818723.87	554434.92
1432	1818725.51	554437.73
1433	1818725.19	554441.79
1434	1818723.98	554445.07
1435	1818723.08	554448.69
1436	1818724.83	554452.34
1437	1818722.35	554453.66
1438	1818719.64	554454.98
1439	1818717.43	554457.77
1440	1818715.01	554459.99
1441	1818714.03	554461.82
1442	1818714.26	554463.64
1443	1818712.64	554464.75
1444	1818709.86	554463.84
1445	1818707.85	554464.07
1446	1818705.68	554462.06
1447	1818704.24	554463.44
1448	1818705.2	554462.58
1449	1818705.2	554459.83
1450	1818703.59	554459.41
1451	1818702.1	554456.61
1452	1818700.14	554456.38
1453	1818696.12	554455.64
1454	1818693.76	554455.26
1455	1818691.39	554455.18
1456	1818690.36	554458.26
1457	1818688.68	554461.63
1458	1818688.81	554464.78
1459	1818686.99	554466.66
1460	1818685.57	554470.38
1461	1818685.4	554473.16
1462	1818692.85	554474.88
1463	1818699.9	554478.08
1464	1818708.3	554477.93
1465	1818715.77	554480.09
1466	1818719.54	554487.16
1467	1818725.36	554489.15
1468	1818730.98	554490.45
1469	1818730.36	554494.98
1470	1818727.05	554500.81
1471	1818721.72	554503.59
1472	1818720.79	554507.79
1473	1818716.52	554511.99
1474	1818710.15	554513.89
1475	1818707.4	554516.01
1476	1818707.18	554514.79
1477	1818710.31	554517.15
1478	1818716.18	554520.75
1479	1818715.15	554526.45
1480	1818713.7	554531.8
1481	1818711.77	554537.42
1482	1818711.2	554540.7
1483	1818711.11	554546.71
1484	1818703.87	554548.65
1485	1818697.35	554547.47
1486	1818693.08	554551.7
1487	1818686.59	554547.13
1488	1818682.74	554544.86
1489	1818678.04	554543.53
1490	1818671.51	554542.93
1491	1818667.52	554540.35
1492	1818664.15	554542.45
1493	1818660.3	554539.73
1494	1818655.91	554535.7
1495	1818655.51	554532.54
1496	1818651.94	554529.06
1497	1818650.22	554524.57
1498	1818645.08	554521.13
1499	1818640.66	554519.23
1500	1818637.83	554515.14
1501	1818635.88	554512
1502	1818633.67	554509.15
1503	1818629.46	554507.59
1504	1818623.99	554507.09
1505	1818622.98	554509.28
1506	1818618.85	554513.39
1507	1818616.26	554516.57
1508	1818611.47	554518.43
1509	1818607.23	554520.41
1510	1818603.74	554520.99
1511	1818599.95	554523.3
1512	1818596.17	554521.82
1513	1818593.84	554523.81
1514	1818589.89	554526.06
1515	1818585.93	554526
1516	1818581.94	554527.17
1517	1818575.65	554527.18
1518	1818571.51	554524.95
1519	1818568.83	554521.38
1520	1818569.19	554516.98
1521	1818566.56	554514.39
1522	1818564.24	554511.63
1523	1818563.72	554507.17
1524	1818562.03	554504.85
1525	1818560.84	554501.03
1526	1818559.31	554497.23
1527	1818556.95	554493.02
1528	1818555.13	554488.83
1529	1818553.4	554485.94
1530	1818551.73	554482.17
1531	1818554.77	554479.21
1532	1818557.69	554477.37
1533	1818559.63	554473.27
1534	1818561.36	554468.11
1535	1818564.77	554462.46
1536	1818563.26	554456.74
1537	1818562.55	554451.01
1538	1818560.89	554445.4
1539	1818561.32	554441.09
1540	1818560.66	554435.2
1541	1818560.91	554430.24
1542	1818563.03	554426.2
1543	1818565.77	554421.34
1544	1818563.73	554421.94
1545	1818558.62	554420.9
1546	1818553.26	554424.45
1547	1818545.62	554426.9
1548	1818537.54	554428.07
1549	1818528.44	554431.18
1550	1818519.81	554434.04
1551	1818511.02	554437.72
1552	1818507.04	554446.14
1553	1818507.66	554453.88
1554	1818513.3	554457.66
1555	1818524.26	554461.48
1556	1818536.14	554472.39
1557	1818546.28	554486.05
1558	1818552.52	554494.81
1559	1818553.55	554500.13
1560	1818556.21	554506.17
1561	1818560.19	554512.81
1562	1818564.46	554519.18
1563	1818572.88	554522.41
1564	1818585.96	554521.19
1565	1818597.26	554520.89
1566	1818608.52	554520.55
1567	1818614.39	554518.79
1568	1818622.36	554514.6
1569	1818628.61	554512.14
1570	1818634.12	554516.9
1571	1818638.01	554522.73
1572	1818646.37	554530.94
1573	1818652.34	554536.62
1574	1818657.57	554542.14
1575	1818664.4	554546.91
1576	1818672.65	554551.54
1577	1818678.92	554554.05
1578	1818684.56	554557.12
1579	1818688.83	554561.42
1580	1818690.7	554566.49
1581	1818692.53	554572.44
1582	1818693.22	554577.76
1583	1818688.96	554576.32
1584	1818681.08	554576.87
1585	1818673.52	554576.82
1586	1818667.36	554573.38
1587	1818661.32	554568.92
1588	1818654.35	554569.4
1589	1818647.74	554574.8
1590	1818642.56	554581.04
1591	1818637.88	554589.26
1592	1818634.07	554594.26
1593	1818628.28	554600.16
1594	1818622.01	554605.73
1595	1818614.35	554611.08
1596	1818610.61	554608.22
1597	1818607	554601.33
1598	1818602.75	554595.12
1599	1818600.78	554585.93
1600	1818597.04	554578.61
1601	1818591.49	554570.65
1602	1818588.05	554561.71
1603	1818583.54	554554.66
1604	1818579.67	554544.34
1605	1818576.62	554537.83
1606	1818571.88	554530.48
1607	1818565.33	554527.01
1608	1818560.69	554515.26
1609	1818557.34	554507.54
1610	1818553.26	554499.49
1611	1818549.31	554487.26
1612	1818545.43	554478.52
1613	1818541.23	554474.85
1614	1818532.57	554469.57
1615	1818526.34	554466.75
1616	1818518.97	554463.59
1617	1818506.72	554458.61
1618	1818497.23	554455.24
1619	1818498.36	554454.9
1620	1818498.26	554452.99
1621	1818497.83	554454.45
1622	1818481.1	554452.61
1623	1818439.65	554451.84
1624	1818387.08	554450.86
1625	1818329.65	554449.81
1626	1818265.88	554449.65
1627	1818227.33	554437.41
1628	1818226.54	554436.55
1629	1818225.72	554436.69
1630	1818224.11	554436.45
1631	1818222.57	554436.25
1632	1818221.77	554436.25
1633	1818221.3	554434.4
1634	1818217.94	554429.07
1635	1818212.36	554425.59
1636	1818206.41	554423.38
1637	1818201.38	554421.55
1638	1818199.92	554419.34
1639	1818195.57	554417.67
1640	1818190.77	554414.18
1641	1818189.73	554408.62
1642	1818188.16	554404
1643	1818181.94	554403.61
1644	1818180.38	554399.77
1645	1818180.44	554395.3
1646	1818179.86	554391.6
1647	1818179.65	554388.43
1648	1818179.28	554385.28
1649	1818176.62	554381.94
1650	1818174.55	554379.43
1651	1818174.46	554378.47
1652	1818173.02	554375.57
1653	1818172.34	554373.92
1654	1818171	554373.25
1655	1818171.21	554372.87
1656	1818169.96	554370.83
1657	1818168.66	554367.97
1658	1818168.21	554365.81
1659	1818166.96	554364.35
1660	1818166.57	554362.05
1661	1818164.92	554360.41
1662	1818164.17	554358.35
1663	1818164.01	554357.22
1664	1818164.12	554357.14
1665	1818164.46	554357.11
1666	1818163.93	554356.84
1667	1818163.74	554355.83
1668	1818163.89	554354.94
1669	1818162.54	554351.95
1670	1818162.45	554348.04
1671	1818160.53	554346.59
1672	1818158.39	554343.11
1673	1818155.71	554340.26
1674	1818154.14	554337.79
1675	1818152.37	554334.93
1676	1818149.95	554332.26
1677	1818148.25	554330.14
1678	1818146.43	554327.39
1679	1818144.99	554324.66
1680	1818140.42	554321.53
1681	1818138.79	554319.41
1682	1818135.2	554317.98
1683	1818132.36	554316.19
1684	1818128.98	554314.89
1685	1818127.23	554312.58
1686	1818123.72	554311.02
1687	1818121.17	554308.29
1688	1818117.24	554306.65
1689	1818114.85	554305.56
1690	1818111.9	554302.65
1691	1818111.46	554301.59
1692	1818110.27	554300.21
1693	1818108.32	554298.51
1694	1818106.48	554300.16
1695	1818104.49	554299.79
1696	1818103.96	554299.35
1697	1818102.73	554298.29
1698	1818102.01	554298.3
1699	1818102.38	554297.23
1700	1818100.98	554298.04
1701	1818099.36	554297.66
1702	1818100.33	554295.44
1703	1818100.04	554294.1
1704	1818098.39	554293.48
1705	1818097.71	554293.57
1706	1818096.32	554293.54
1707	1818095.18	554292.4
1708	1818094.13	554292.28
1709	1818095.03	554293.13
1710	1818094.17	554293.08
1711	1818092.9	554292.74
1712	1818092.15	554291.26
1713	1818090.63	554288.82
1714	1818089.3	554289.51
1715	1818087.51	554289.39
1716	1818087.63	554289.87
1717	1818088.2	554289.37
1718	1818089.54	554290.27
1719	1818089.26	554291.92
1720	1818089.15	554292.3
1721	1818087.62	554291.64
1722	1818086.34	554290.4
1723	1818085.23	554289.53
1724	1818084.86	554290.01
1725	1818083.63	554290.93
1726	1818082.51	554289.91
1727	1818082.16	554290.83
1728	1818081.06	554291.56
1729	1818081.73	554291.16
1730	1818081.52	554292.01
1731	1818080.98	554292.32
1732	1818081.06	554292.09
1733	1818080.28	554292.37
1734	1818080	554292.47
1735	1818080.13	554292.42
1736	1818080.48	554292.62
1737	1818080.1	554292.84
1738	1818080.35	554292.49
1739	1818078.44	554292.39
1740	1818077.25	554292.06
1741	1818077.78	554292.57
1742	1818077.16	554293.95
1743	1818074.39	554294.7
1744	1818072.07	554295.9
1745	1818071.23	554297.22
1746	1818071.23	554297.03
1747	1818070.5	554297.17
1748	1818069.37	554297.93
1749	1818067.55	554298.23
1750	1818066.91	554299.27
1751	1818066.39	554298.83
1752	1818065.37	554299.23
1753	1818063.08	554299.82
1754	1818062.42	554300.14
1755	1818062.7	554300.65
1756	1818061.58	554301.33
1757	1818059.35	554302.03
1758	1818058.5	554302.99
1759	1818056.94	554302.97
1760	1818055.51	554303.86
1761	1818052.63	554304.62
1762	1818051.37	554305.76
1763	1818049.59	554305.17
1764	1818048.85	554304.8
1765	1818048.36	554305.37
1766	1818047.1	554306.54
1767	1818048.51	554307.5
1768	1818048.61	554309.37
1769	1818048.02	554311.02
1770	1818048.24	554312
1771	1818048.65	554312.33
1772	1818048.23	554313.08
1773	1818047.15	554313.58
1774	1818047.28	554313.8
1775	1818048.22	554310.24
1776	1818049.41	554306.51
1777	1818049.25	554305.49
1778	1818049.06	554306.74
1779	1818049.44	554307.12
1780	1818049.24	554306.79
1781	1818048.55	554306.7
1782	1818049.3	554305.29
1783	1818046.03	554305.49
1784	1818045.24	554304.66
1785	1818044.64	554302.39
1786	1818044.48	554302.47
1787	1818043.85	554302.87
1788	1818049.72	554302.03
1789	1818051.34	554304.18
1790	1818054.33	554303.23
1791	1818058.09	554303.16
1792	1818063.53	554301.26
1793	1818065.04	554301.08
1794	1818067.38	554299.25
1795	1818069.7	554297.65
1796	1818070.99	554298.05
1797	1818072.8	554296.16
1798	1818075.01	554294.98
1799	1818077.16	554294.81
1800	1818079.08	554293.31
1801	1818080.45	554293.01
1802	1818082.09	554291.35
1803	1818084.34	554291.16
1804	1818086.68	554290.27
1805	1818088.59	554290.39
1806	1818089.96	554290.18
1807	1818092.11	554291.39
1808	1818095.39	554292.95
1809	1818098.06	554295.38
1810	1818099.99	554295.1
1811	1818102.97	554296.71
1812	1818103.62	554300.01
1813	1818105.39	554299.82
1814	1818108.22	554300.48
1815	1818111.02	554301.63
1816	1818112.41	554301.12
1817	1818111.76	554302.91
1818	1818113.54	554304.87
1819	1818116.52	554307.24
1820	1818121.03	554309.37
1821	1818125.66	554311.29
1822	1818127.07	554312.34
1823	1818130.1	554314.63
1824	1818133.49	554315.56
1825	1818134.61	554316.53
1826	1818138.45	554318.2
1827	1818140.96	554319.73
1828	1818142.47	554320.97
1829	1818145.55	554324.77
1830	1818147.56	554329.23
1831	1818150.19	554332.65
1832	1818151.33	554334.14
1833	1818154.6	554336.89
1834	1818156.52	554339.9
1835	1818159.17	554343.23
1836	1818162.15	554346.56
1837	1818163.81	554350.11
1838	1818164.99	554353.34
1839	1818164.5	554355
1840	1818164.71	554360.15
1841	1818167.53	554363.25
1842	1818168.49	554365.64
1843	1818170.12	554368.6
1844	1818171.69	554370.31
1845	1818173.11	554373.62
1846	1818174.06	554376.13
1847	1818175.85	554379.98
1848	1818178.74	554382.12
1849	1818179.88	554383.71
1850	1818181.14	554388.24
1851	1818182.09	554392.41
1852	1818183.87	554395.37
1853	1818184.66	554400.22
1854	1818189.04	554400.89
1855	1818192.25	554408.97
1856	1818196.23	554414.8
1857	1818203.76	554418.36
1858	1818209.33	554420.79
1859	1818215.15	554424.08
1860	1818220.07	554427.27
1861	1818226.33	554431.74
1862	1818232.44	554434.29
1863	1818240.07	554436.55
1864	1818247.58	554439.22
1865	1818250.18	554434.32
1866	1818253.56	554430.65
1867	1818254.66	554428.35
1868	1818254.25	554427.05
1869	1818252.18	554422.87
1870	1818254.94	554417.57
1871	1818258.49	554411.98
1872	1818259.12	554406.19
1873	1818259.14	554406.58
1874	1818258.89	554407.62
1875	1818256.52	554413.47
1876	1818252.94	554418.99
1877	1818252.58	554425.82
1878	1818250.49	554433.96
1879	1818244.7	554438.59
1880	1818236.94	554436.17
1881	1818229.52	554434.15
1882	1818223.19	554431.95
1883	1818224.32	554438.37
1884	1818223.81	554437.1
1885	1818224.41	554438.3
1886	1818246.53	554447.36
1887	1818313.22	554451.83
1888	1818383.88	554451.94
1889	1818447.3	554454.14
1890	1818486.58	554454.33
1891	1818497.66	554447.28
1892	1818517.67	554437.19
1893	1818535.71	554430.67
1894	1818552.58	554424.8
1895	1818569	554418.27
1896	1818578.25	554413.44
1897	1818586.27	554407.85
1898	1818593.93	554401.02
1899	1818602	554394.7
1900	1818608.98	554387.2
1901	1818615.95	554382.03
1902	1818618.97	554378.07
1903	1818618.48	554373.59
1904	1818615.77	554369.35
1905	1818611.03	554365.41
1906	1818605.65	554361.07
1907	1818600.89	554357.13
1908	1818599.55	554352.5
1909	1818594.18	554347.62
1910	1818590.68	554343.34
1911	1818586.49	554341.51
1912	1818581.01	554340.64
1913	1818575.3	554338.51
1914	1818570.26	554336.73
1915	1818567.97	554332.63
1916	1818563.54	554328.25
1917	1818561.15	554323.15
1918	1818563.17	554318.3
1919	1818565.39	554314.23
1920	1818565.89	554309.25
1921	1818565.8	554305.97
1922	1818566.44	554301.33
1923	1818566.28	554296.26
1924	1818567.41	554288.87
1925	1818564.81	554282.4
1926	1818561.85	554274.49
1927	1818561.28	554266.99
1928	1818557.34	554261.43
1929	1818554.71	554253.98
1930	1818548.38	554253.1
1931	1818545.22	554254.2
1932	1818538.99	554257.08
1933	1818535.89	554261.93
1934	1818532.05	554266.45
1935	1818527.79	554267.63
1936	1818522.81	554268.64
1937	1818516.14	554268.33
1938	1818509.96	554266.08
1939	1818503.35	554264.67
1940	1818500.95	554264.07
1941	1818501.23	554260.18
1942	1818496.52	554258.05
1943	1818494.8	554253.8
1944	1818493.05	554247.05
1945	1818485.76	554243.11
1946	1818477.48	554239.22
1947	1818469.59	554236.37
1948	1818465.44	554233.43
1949	1818468.74	554235.66
1950	1818474.55	554240.53
1951	1818476.88	554248.26
1952	1818480.38	554258.38
1953	1818483.51	554267.48
1954	1818487.36	554276.28
1955	1818492.82	554284.78
1956	1818502.92	554291.25
1957	1818514.12	554302.35
1958	1818520.73	554315.57
1959	1818525.64	554328.89
1960	1818535.03	554338.45
1961	1818544.31	554345
1962	1818553.56	554350.88
1963	1818561.16	554358.22
1964	1818567.04	554366.23
1965	1818574.53	554373.97
1966	1818581.68	554382.84
1967	1818586.4	554393.77
1968	1818589.71	554405.2
1969	1818578.22	554413.82
1970	1818564.49	554421.37
1971	1818552.39	554426.52
1972	1818540.77	554430.29
1973	1818527.95	554433.02
1974	1818515.17	554437.04
1975	1818504.88	554448.13
1976	1818505.82	554453.29
1977	1818521.73	554460.16
1978	1818534.36	554469.04
1979	1818542.79	554479.2
1980	1818549.18	554489.04
1981	1818553.73	554498.7
1982	1818558.28	554507.55
1983	1818562.37	554517.74
1984	1818565.43	554528.69
1985	1818571.55	554539.14
1986	1818577.24	554550.1
1987	1818582.78	554559.63
1988	1818584.99	554568.43
1989	1818588.97	554577.66
1990	1818591.76	554584.84
1991	1818596.22	554591.99
1992	1818599.55	554598.93
1993	1818603.11	554606.35
1994	1818606.58	554610.62
1995	1818608.17	554611.74
1996	1818608.3	554612.97
1997	1818609.49	554618.53
1998	1818612.26	554627.55
1999	1818615.74	554634.47
2000	1818616.27	554640.21
2001	1818618.25	554642.67
2002	1818619.19	554642.34
2003	1818619.18	554642.12
2004	1818618.97	554644.45
2005	1818618.84	554645.88
2006	1818619.21	554644.74
2007	1818619.3	554644.61
2008	1818618.44	554645.35
2009	1818618.39	554644.66
2010	1818619.01	554644.02
2011	1818619.11	554644.13
2012	1818618.57	554643.94
2013	1818619.9	554644.5
2014	1818620.48	554645.3
2015	1818621.57	554645.93
2016	1818621.35	554645.24
2017	1818618.44	554639.72
2018	1818604.38	554611.6
2019	1818584.76	554568.78
2020	1818562.57	554521.49
2021	1818536.25	554472.33
2022	1818487.19	554436.53
2023	1818419.24	554431.94
2024	1818337.69	554436.37
2025	1818259.03	554444.31
2026	1818254.46	554447.67
2027	1818259.76	554449.84
2028	1818260.34	554449.97
2029	1820350.35	550304.18
2030	1820353.86	550296.54
2031	1820352.97	550291.24
2032	1820350.92	550287.66
2033	1820351.25	550280.53
2034	1820352.77	550276.03
2035	1820354.2	550273.94
2036	1820354	550271.98
2037	1820355.13	550271.42
2038	1820355.66	550270.98
2039	1817503.34	554265.97
2040	1817502.98	554265.99
2041	1817502.33	554266.68
2042	1817502.82	554267.15
2043	1817503.22	554266.87
2044	1817503.52	554266.39
2045	1817502.7	554264.9
2046	1817503.21	554265.29
2047	1817504.07	554265.07
2048	1817502.9	554264.3
2049	1817501.8	554265.02
2050	1817500.49	554264.31
2051	1817499.62	554265.85
2052	1817504.03	554280.56
2053	1817495.31	554321.11
2054	1817478.9	554368.81
2055	1817449.98	554411.7
2056	1817436.01	554429.16
2057	1817419.9	554438.11
2058	1817399.59	554442.94
2059	1817372.24	554446.75
2060	1817355.29	554443.4
2061	1817340.53	554442.3
2062	1817316.42	554437.33
2063	1817285.32	554432.79
2064	1817256.47	554429.05
2065	1817247.52	554427.45
2066	1817243.02	554427.4
2067	1817232.43	554423.67
2068	1817221.97	554421.48
2069	1817208.1	554422.71
2070	1817208.25	554428.25
2071	1817214.22	554432.03
2072	1817219.1	554436.28
2073	1817224.71	554440.48
2074	1817229.67	554445.97
2075	1817234.44	554448.4
2076	1817238.58	554452.92
2077	1817242.37	554457.62
2078	1817243.89	554463.92
2079	1817243.82	554469.09
2080	1817244.17	554474.57
2081	1817244.37	554480.78
2082	1817247.17	554487.92
2083	1817247.97	554494.74
2084	1817248.14	554500.62
2085	1817241.63	554500.36
2086	1817237.26	554500.2
2087	1817234.39	554498.15
2088	1817233.24	554497.44
2089	1817233.38	554496.49
2090	1817231.75	554496.93
2091	1817230.41	554497.7
2092	1817230.59	554495.81
2093	1817227.91	554493.52
2094	1817224.79	554491.79
2095	1817224.46	554491.8
2096	1817220.47	554489.76
2097	1817217.5	554489.49
2098	1817214.44	554489.58
2099	1817212.71	554488.58
2100	1817210.38	554488.64
2101	1817208.5	554490.26
2102	1817206.44	554493.86
2103	1817202.48	554495.22
2104	1817199.42	554498.15
2105	1817197.52	554500.64
2106	1817194.36	554502.34
2107	1817191.59	554507.86
2108	1817185.89	554512.1
2109	1817179.49	554517.84
2110	1817173.02	554521.47
2111	1817164.2	554523.87
2112	1817155.95	554527.54
2113	1817149.93	554534.33
2114	1817142.46	554539.18
2115	1817134.6	554540.12
2116	1817126.97	554543.52
2117	1817119.79	554549.88
2118	1817112.52	554555.33
2119	1817104.7	554557.91
2120	1817097.75	554556.16
2121	1817091.22	554552.69
2122	1817085.21	554552.97
2123	1817079.01	554553.81
2124	1817074.06	554559.44
2125	1817071.45	554563.28
2126	1817068.48	554567.56
2127	1817066.23	554570.07
2128	1817063.43	554573.2
2129	1817060.36	554575.75
2130	1817056.31	554578.56
2131	1817054.23	554583.57
2132	1817049.47	554586.2
2133	1817041.49	554587.01
2134	1817034.16	554587.66
2135	1817026.57	554586.9
2136	1817020.34	554587.18
2137	1817016.17	554591.12
2138	1817011.13	554593.26
2139	1817006.59	554593.62
2140	1817001.6	554594.62
2141	1816996.8	554592.99
2142	1816990.96	554591.62
2143	1816984.12	554591.04
2144	1816978.33	554589
2145	1816976.27	554583.32
2146	1816975.62	554575.66
2147	1816973.78	554570.41
2148	1816970.92	554566.82
2149	1816969.4	554562.58
2150	1816970.61	554558.87
2151	1816969.38	554555.86
2152	1816970.28	554551.04
2153	1816969.95	554547.56
2154	1816970.07	554543.41
2155	1816970.45	554539.43
2156	1816969.79	554535.57
2157	1816968.45	554532.32
2158	1816966.64	554529.1
2159	1816965.16	554525.32
2160	1816964.25	554522.66
2161	1816960.12	554520.03
2162	1816957.44	554516.61
2163	1816954.76	554514.46
2164	1816952.33	554512.27
2165	1816948.86	554510.4
2166	1816945.95	554511.08
2167	1816943.59	554508.56
2168	1816940.85	554507.04
2169	1816936.61	554504.46
2170	1816935.18	554500.39
2171	1816933.84	554496.11
2172	1816932.98	554491.89
2173	1816929.26	554486.51
2174	1816923.82	554481.87
2175	1816922.2	554478.39
2176	1816919.58	554475.67
2177	1816916.99	554470.91
2178	1816915.92	554468.21
2179	1816912.47	554464.24
2180	1816908.11	554462.05
2181	1816904.99	554459.43
2182	1816900.8	554455.69
2183	1816900.06	554450.43
2184	1816897.37	554448.74
2185	1816894.15	554446.04
2186	1816891.53	554443.05
2187	1816887.25	554440.7
2188	1816881.81	554440.09
2189	1816874.62	554436.8
2190	1816870.93	554431
2191	1816869.95	554424.56
2192	1816870.55	554416.73
2193	1816873.35	554412.5
2194	1816877.04	554408.26
2195	1816882.75	554404.91
2196	1816886.52	554402.15
2197	1816891.87	554398.19
2198	1816898.55	554395.17
2199	1816902.29	554392.53
2200	1816906.54	554393.64
2201	1816910.48	554394.17
2202	1816914.2	554392.28
2203	1816920.92	554390.68
2204	1816926.73	554387.12
2205	1816929.67	554385.75
2206	1816932.44	554382.38
2207	1816937.05	554383.28
2208	1816942.64	554384.34
2209	1816945.24	554385.39
2210	1816946.51	554385.89
2211	1816947.52	554386.19
2212	1816950.27	554389.04
2213	1816952.47	554389
2214	1816956.58	554389.9
2215	1816960.65	554393.19
2216	1816964.93	554397.34
2217	1816968.14	554399.75
2218	1816972.41	554399.38
2219	1816974.62	554397.15
2220	1816978.45	554395.66
2221	1816980.73	554392.69
2222	1816983.03	554391.99
2223	1816985.64	554388.86
2224	1816988.7	554384.43
2225	1816990.85	554381.41
2226	1816995.1	554377.53
2227	1816996.2	554372.28
2228	1816998.17	554366.74
2229	1816998.43	554363.85
2230	1816993.55	554360.54
2231	1816986.24	554357.76
2232	1816980.76	554352.55
2233	1816976.29	554348.68
2234	1816975.45	554346.26
2235	1816976.32	554346.03
2236	1816974.49	554343.36
2237	1816970.5	554341.92
2238	1816966.75	554343.1
2239	1816964.48	554343.25
2240	1816961.66	554339.46
2241	1816959.4	554334.32
2242	1816958.13	554331.93
2243	1816954.53	554330.99
2244	1816950.94	554327.86
2245	1816947.08	554325.95
2246	1816942.39	554324.71
2247	1816938.38	554322.59
2248	1816933.97	554317.18
2249	1816929.68	554312.17
2250	1816927.22	554310.15
2251	1816923.13	554307.43
2252	1816925.18	554302.77
2253	1816926.11	554297.23
2254	1816931.22	554292.37
2255	1816938.09	554288.34
2256	1816943.88	554285.68
2257	1816949	554282.32
2258	1816954.82	554280.31
2259	1816960.48	554276.81
2260	1816966.06	554275.15
2261	1816970.57	554274.16
2262	1816975.42	554272.38
2263	1816980.5	554270.47
2264	1816984.96	554270.76
2265	1816990.12	554274.71
2266	1816995.57	554276.07
2267	1816998.88	554274.96
2268	1817003.21	554271.82
2269	1817007.7	554268.1
2270	1817009.33	554263.83
2271	1817011.41	554259.09
2272	1817014.37	554256.04
2273	1817017.54	554251.88
2274	1817023.08	554255.19
2275	1817029.36	554258.27
2276	1817036.3	554258.19
2277	1817041.83	554259.34
2278	1817047.09	554258.12
2279	1817050.32	554255.4
2280	1817054.62	554254.44
2281	1817059.87	554254.2
2282	1817062.29	554256.82
2283	1817062.85	554260.95
2284	1817064.85	554262.79
2285	1817064.84	554267.48
2286	1817065.29	554270.84
2287	1817068.08	554273.12
2288	1817067.72	554277.5
2289	1817069.57	554280.34
2290	1817068.48	554282.04
2291	1817070.01	554285
2292	1817071.47	554288.1
2293	1817070.14	554289.69
2294	1817072.07	554291.35
2295	1817070.97	554294.36
2296	1817071.74	554295.71
2297	1817071.74	554298.88
2298	1817072.71	554302.38
2299	1817074.87	554306.43
2300	1817077.88	554309.07
2301	1817078.34	554311.92
2302	1817079.72	554314.12
2303	1817081.87	554315.63
2304	1817085.2	554316.7
2305	1817089.14	554318.92
2306	1817093.11	554318.69
2307	1817095.76	554317.48
2308	1817098.01	554315.95
2309	1817101.64	554314.78
2310	1817108.43	554315.4
2311	1817110.07	554317.87
2312	1817113.28	554318.6
2313	1817116.48	554321.38
2314	1817117.46	554321.25
2315	1817122.25	554322.42
2316	1817123.13	554324.33
2317	1817126.2	554325.74
2318	1817130.6	554325.4
2319	1817135.15	554323.49
2320	1817139.02	554323.79
2321	1817142.36	554323.72
2322	1817145.06	554324.33
2323	1817148.58	554323.8
2324	1817151.46	554322.99
2325	1817154.03	554323.73
2326	1817157.49	554323.24
2327	1817160.91	554321.98
2328	1817164.55	554319.28
2329	1817167.21	554317.27
2330	1817172.38	554317.82
2331	1817175.64	554319.15
2332	1817179.31	554319.81
2333	1817183.48	554319.98
2334	1817188.42	554319.75
2335	1817193.6	554319.17
2336	1817197.27	554317.09
2337	1817200.89	554316.43
2338	1817205.83	554317.26
2339	1817209.77	554316.74
2340	1817214.45	554315.3
2341	1817216.41	554318.56
2342	1817217.99	554323.35
2343	1817220.71	554328.42
2344	1817224.66	554333.24
2345	1817223.09	554338.58
2346	1817219.38	554344.95
2347	1817217.01	554351.47
2348	1817213.61	554358.86
2349	1817211.38	554365.11
2350	1817208.87	554371.93
2351	1817205.31	554377.48
2352	1817204.18	554383.82
2353	1817204.33	554389.3
2354	1817206.46	554396.27
2355	1817205.69	554402.8
2356	1817205.23	554410.58
2357	1817206.79	554418.12
2358	1817216	554420.77
2359	1817225.11	554421.58
2360	1817233.69	554424.15
2361	1817241.58	554427.88
2362	1817245.65	554429.46
2363	1817246.49	554429.68
2364	1817248.19	554430.9
2365	1817245.9	554432.37
2366	1817245.66	554434.15
2367	1817245.5	554434.51
2368	1817247.77	554434.31
2369	1817260.19	554437.74
2370	1817283.35	554440.33
2371	1817311.84	554444.43
2372	1817334.32	554448.06
2373	1817354.77	554448.97
2374	1817375.88	554452.18
2375	1817398.17	554447.79
2376	1817421.62	554442.94
2377	1817439.1	554431.46
2378	1817455.97	554412.92
2379	1817483.72	554375.57
2380	1817501.12	554326.62
2381	1817510.98	554282.02
2382	1817508.8	554270.68
2383	1817505.12	554267.53
2384	1817504.71	554263.76
2385	1817504.74	554261.41
2386	1817503.9	554261.64
2387	1817503.23	554262.27
2388	1817502.25	554262.35
2389	1817500.49	554262.39
2390	1817500.05	554262.12
2391	1817503.37	554260.62
2392	1817522.85	554266.88
2393	1817563.92	554288.94
2394	1817606.59	554337.65
2395	1817662.29	554404.26
2396	1817715.29	554448.86
2397	1817782.02	554479.93
2398	1817833.97	554531.28
2399	1817843.35	554586.39
2400	1817844.22	554600.09
2401	1817834.29	554601.51
2402	1817817.01	554601.8
2403	1817797.25	554610.11
2404	1817772.51	554627.65
2405	1817747.97	554652.67
2406	1817728.99	554680.37
2407	1817724.84	554705.77
2408	1817713.38	554726.52
2409	1817697.07	554744.28
2410	1817677.22	554755.75
2411	1817665.59	554761.75
2412	1817656.56	554767.79
2413	1817642.35	554775.99
2414	1817624	554786.45
2415	1817604.73	554802.97
2416	1817586.78	554813.9
2417	1817583.69	554820.01
2418	1817582.56	554821.67
2419	1817579.33	554831.39
2420	1817575.09	554841.26
2421	1817572.64	554850.3
2422	1817568.06	554858.75
2423	1817567.27	554863.66
2424	1817566.17	554873
2425	1817569.2	554882.04
2426	1817571.42	554889.05
2427	1817565.05	554895.75
2428	1817558.75	554901.01
2429	1817554.8	554903.57
2430	1817547.11	554911.92
2431	1817543.86	554919.87
2432	1817542.34	554929.11
2433	1817535.72	554937.79
2434	1817526.18	554942.74
2435	1817519.97	554951.08
2436	1817514.62	554956.51
2437	1817509.49	554963.82
2438	1817507.1	554972.13
2439	1817503.06	554980.81
2440	1817497.34	554989.35
2441	1817500.26	554996.7
2442	1817505.45	555006.8
2443	1817501.94	555015.72
2444	1817495.12	555023.6
2445	1817488.16	555032.79
2446	1817485.78	555043.48
2447	1817481.27	555052.59
2448	1817480.32	555062.93
2449	1817479.45	555072.77
2450	1817473.11	555080.12
2451	1817460.03	555081.23
2452	1817448.39	555087.78
2453	1817442.97	555101.2
2454	1817436.55	555112.93
2455	1817430.87	555122.49
2456	1817427.89	555131.77
2457	1817435.78	555130.87
2458	1817445.65	555129.78
2459	1817452.39	555126.96
2460	1817454.85	555119.28
2461	1817458.44	555111.63
2462	1817461.56	555105.32
2463	1817466.97	555096.98
2464	1817473.34	555095.28
2465	1817476	555101.44
2466	1817478.8	555107.64
2467	1817482.58	555114.91
2468	1817486.11	555122.62
2469	1817489.34	555131.66
2470	1817487.62	555136.14
2471	1817486.97	555141.3
2472	1817484.38	555145.98
2473	1817484.1	555153.24
2474	1817484.53	555160.06
2475	1817486.02	555166.99
2476	1817484.07	555173.7
2477	1817485.68	555182.44
2478	1817484.02	555189.75
2479	1817483.36	555199.04
2480	1817480.13	555208.68
2481	1817480.28	555217.97
2482	1817477.97	555226.77
2483	1817475.84	555234.76
2484	1817473.21	555243.66
2485	1817466.48	555242.2
2486	1817459.51	555239.31
2487	1817449.95	555238.25
2488	1817441.06	555239.45
2489	1817431.82	555237.77
2490	1817422.95	555237.03
2491	1817415.97	555235.43
2492	1817407.26	555236.71
2493	1817397.65	555239.81
2494	1817391.76	555245.18
2495	1817389.08	555249.92
2496	1817387.46	555256.04
2497	1817390.59	555262.15
2498	1817395.63	555266.08
2499	1817397.8	555272.72
2500	1817399.47	555281.13
2501	1817402.63	555288.02
2502	1817404.38	555296.63
2503	1817407.1	555302.46
2504	1817408.88	555309.13
2505	1817411.35	555317.33
2506	1817414.79	555325.24
2507	1817419.97	555329.76
2508	1817425.47	555334.88
2509	1817431.03	555340.81
2510	1817436.39	555349.14
2511	1817443.86	555359.32
2512	1817439.18	555370.19
2513	1817432.55	555381.28
2514	1817424.85	555376.87
2515	1817416.28	555372.82
2516	1817408.55	555364.02
2517	1817404.5	555353.94
2518	1817399.09	555345.82
2519	1817393.22	555339.67
2520	1817389.42	555330.72
2521	1817389.38	555320.9
2522	1817385.05	555312.04
2523	1817380.11	555305.15
2524	1817374.88	555296.66
2525	1817369.55	555292.58
2526	1817362.61	555294.83
2527	1817354.05	555292.43
2528	1817345.62	555291.62
2529	1817339.96	555295.74
2530	1817337.58	555288.99
2531	1817332.11	555281.2
2532	1817327.9	555271.34
2533	1817324.95	555262.63
2534	1817324.4	555252.63
2535	1817325.26	555243.5
2536	1817322.87	555235.51
2537	1817323.32	555229.94
2538	1817325.29	555222.93
2539	1817324.22	555213.94
2540	1817322.03	555206.14
2541	1817316.72	555199.99
2542	1817311.25	555191.3
2543	1817308.73	555181.91
2544	1817308.63	555172.06
2545	1817316.74	555168.43
2546	1817324.88	555164.91
2547	1817331.87	555162.34
2548	1817338.97	555157.93
2549	1817345.48	555156.45
2550	1817353.55	555152.33
2551	1817362.38	555148.99
2552	1817369.68	555146.45
2553	1817376.62	555144.8
2554	1817384.26	555142.48
2555	1817389.2	555138.87
2556	1817398.85	555135.34
2557	1817408.24	555134.71
2558	1817417.28	555134.18
2559	1817426.01	555132.33
2560	1817429.59	555127.32
2561	1817433.24	555123.01
2562	1817436.98	555116.94
2563	1817437.25	555116.82
2564	1817438.54	555117.03
2565	1817439.13	555117.55
2566	1817442.16	555112.07
2567	1817445.78	555103.82
2568	1817451.33	555091.67
2569	1817460.1	555083.95
2570	1817470.6	555080.18
2571	1817477.57	555076.42
2572	1817477.84	555069.1
2573	1817479.5	555060.06
2574	1817482.2	555051.48
2575	1817485.72	555042.8
2576	1817488.43	555033.83
2577	1817495.96	555026.38
2578	1817500.78	555017.31
2579	1817505.57	555008.91
2580	1817512.58	554998.73
2581	1817520.48	554991.37
2582	1817530.51	554986.93
2583	1817536.18	554981.5
2584	1817537.16	554970.9
2585	1817537.22	554961.02
2586	1817538.07	554951.03
2587	1817538.36	554941.01
2588	1817539.44	554932.06
2589	1817545.76	554920.73
2590	1817551.78	554910.23
2591	1817554.9	554898.86
2592	1817556.07	554890.15
2593	1817558.36	554879.54
2594	1817563.85	554871.79
2595	1817563.88	554860.76
2596	1817565.77	554852.77
2597	1817569.57	554842.79
2598	1817572.89	554831.86
2599	1817580.24	554823
2600	1817586.33	554815.5
2601	1817587.6	554817.1
2602	1817588.22	554816.26
2603	1817589.76	554816.4
2604	1817607.64	554801.87
2605	1817630.6	554782.25
2606	1817654.41	554769.87
2607	1817659.59	554768
2608	1817666.45	554762.97
2609	1817675.95	554756.25
2610	1817696.28	554744.9
2611	1817716.7	554719.73
2612	1817728.92	554683.98
2613	1817741.55	554652.05
2614	1817772.26	554621.55
2615	1817803.1	554601.62
2616	1817829.1	554595.58
2617	1817848.73	554587.21
2618	1817843.09	554567.24
2619	1817840.09	554559.2
2620	1817836.47	554557.61
2621	1817829	554527.71
2622	1817810.52	554479.64
2623	1817748.18	554438.78
2624	1817659.68	554412.52
2625	1817593.67	554348.32
2626	1817531.06	554278.62
2627	1817489.75	554258.18
2628	1817494.5	554265.04
2629	1817502.11	554263.72
2630	1817505.38	554270.22
2631	1817504.08	554271.95
2632	1817503.13	554271.81
2633	1817503.29	554271.32
2634	1817502.95	554272.29
2635	1817506.95	554280.29
2636	1817506.62	554289.98
2637	1817505.13	554288.88
2638	1817504.25	554291.16
2639	1817504.73	554287.68
2640	1817503.07	554294.45
2641	1817502.2	554305.24
2642	1817500.8	554316.69
2643	1817497.53	554328.29
2644	1817495.43	554339.13
2645	1817491.5	554346.69
2646	1817490.12	554350.1
2647	1817483.06	554379.24
2648	1817461.21	554407.89
2649	1817450.46	554439.56
2650	1817452.25	554474.39
2651	1817454.14	554504.49
2652	1817453.96	554531.39
2653	1817447.55	554560.34
2654	1817443.44	554564.19
2655	1817442.47	554574.28
2656	1817441.08	554584.94
2657	1817440.73	554595.7
2658	1817439.65	554605.9
2659	1817439.11	554614.35
2660	1817439.47	554621.66
2661	1817440.45	554630.38
2662	1817445.61	554640.17
2663	1817448.8	554649.81
2664	1817450.05	554658.19
2665	1817453.5	554668.54
2666	1817455.9	554678.27
2667	1817453.14	554688.74
2668	1817452.85	554698.75
2669	1817452.51	554708.84
2670	1817452.14	554716.72
2671	1817455.69	554726.58
2672	1817452.11	554736.53
2673	1817456.13	554741.06
2674	1817465.26	554742.92
2675	1817468.42	554743.9
2676	1817474.53	554747.17
2677	1817478.33	554750.6
2678	1817480.9	554755.63
2679	1817485.94	554758.41
2680	1817489.82	554763.42
2681	1817486.77	554769.59
2682	1817488.39	554774.32
2683	1817492.71	554778.18
2684	1817494.68	554784.03
2685	1817499.06	554786.89
2686	1817504.59	554789.71
2687	1817509.97	554792.74
2688	1817517.32	554792.58
2689	1817524.5	554797.66
2690	1817529.79	554802.58
2691	1817534.23	554807.43
2692	1817538.75	554813.21
2693	1817543.26	554817.97
2694	1817545.97	554822.52
2695	1817547.17	554829.37
2696	1817551.15	554833.23
2697	1817550.57	554839.02
2698	1817547.82	554846
2699	1817543.85	554850.85
2700	1817546.97	554851.7
2701	1817547.69	554859.45
2702	1817547.37	554865.87
2703	1817545.74	554871.24
2704	1817545.24	554877.13
2705	1817548.49	554881.37
2706	1817550.06	554887.24
2707	1817551.13	554893.85
2708	1817550.69	554899.54
2709	1817550.85	554904.7
2710	1817556.58	554907.39
2711	1817559.72	554911.09
2712	1817564.8	554913.71
2713	1817569.21	554916.71
2714	1817574.89	554918
2715	1817581.72	554920.43
2716	1817586.34	554920.53
2717	1817590.84	554922.01
2718	1817595.12	554925.06
2719	1817597.22	554929.52
2720	1817601.17	554932.63
2721	1817607.31	554935.8
2722	1817608.82	554940.91
2723	1817610.46	554945.75
2724	1817616.23	554948.92
2725	1817620.2	554953.12
2726	1817623.11	554956.67
2727	1817626.25	554960.28
2728	1817627.92	554964.76
2729	1817632.56	554966.38
2730	1817637.3	554971.26
2731	1817640.41	554976.21
2732	1817641.17	554980.02
2733	1817637.13	554983.69
2734	1817632.86	554986.91
2735	1817629.7	554990.54
2736	1817624.91	554996.72
2737	1817620.11	554998.66
2738	1817616.72	555001.58
2739	1817611.87	555003.2
2740	1817608.87	555002.6
2741	1817603.65	555002.61
2742	1817599.04	555006.28
2743	1817594.93	555007.24
2744	1817592.54	555008.06
2745	1817588.37	555009.29
2746	1817584.62	555008.8
2747	1817582.13	555009.29
2748	1817578.47	555008.5
2749	1817573.02	555010.54
2750	1817569.79	555013.44
2751	1817567.73	555016.37
2752	1817564.4	555011.91
2753	1817561	555007.83
2754	1817557.12	555004.93
2755	1817553.97	555000.88
2756	1817550.94	554998.85
2757	1817548.48	554995.29
2758	1817545.79	554993
2759	1817542.16	554989.42
2760	1817539.82	554984.35
2761	1817536.71	554978.79
2762	1817536.12	554974.56
2763	1817535.86	554970.81
2764	1817533.96	554965.97
2765	1817534.68	554960.85
2766	1817534.72	554954.35
2767	1817534.13	554949.08
2768	1817535.08	554942.79
2769	1817535.69	554937.21
2770	1817541.01	554932.25
2771	1817542.08	554926.98
2772	1817544.04	554920.77
2773	1817543.1	554915.93
2774	1817545.86	554910.42
2775	1817550.87	554906.97
2776	1817550.96	554901.79
2777	1817551.11	554901.39
2778	1817553.21	554897.75
2779	1817552.16	554890.71
2780	1817549.23	554884.49
2781	1817545.57	554880.68
2782	1817544.45	554878.59
2783	1817541.57	554878.58
2784	1817541.09	554880.91
2785	1817537.89	554885.35
2786	1817535.8	554891.93
2787	1817533.31	554899.58
2788	1817530.2	554905.68
2789	1817529.44	554914.19
2790	1817525.6	554918.74
2791	1817521.77	554924.33
2792	1817519.46	554933.11
2793	1817522.97	554940.54
2794	1817527.89	554948.29
2795	1817530.18	554956.08
2796	1817529.79	554963.8
2797	1817531.76	554970.36
2798	1817533.21	554977.95
2799	1817533.65	554982.97
2800	1817535.92	554989.19
2801	1817539.27	554995.8
2802	1817542.67	555002.52
2803	1817548.22	555007.43
2804	1817554.03	555012.55
2805	1817557.05	555018.9
2806	1817555.27	555025.67
2807	1817548.67	555029.4
2808	1817542.76	555033.73
2809	1817536.78	555036.41
2810	1817528.97	555033.43
2811	1817520.57	555026.88
2812	1817512.75	555016.88
2813	1817505.54	555007.64
2814	1817498.85	554998.43
2815	1817491.35	554989.06
2816	1817481.95	554981.75
2817	1817473.02	554975.25
2818	1817464.7	554969.22
2819	1817457.35	554962.86
2820	1817452.65	554956.44
2821	1817449.64	554951.95
2822	1817444.56	554945.89
2823	1817441.28	554938.6
2824	1817436.45	554931.78
2825	1817434.86	554923.52
2826	1817436.39	554916.22
2827	1817436.35	554908.81
2828	1817438.71	554902.52
2829	1817444.03	554899.45
2830	1817452.53	554896.39
2831	1817457.14	554891.84
2832	1817454.7	554882.86
2833	1817451.86	554873.98
2834	1817450.16	554866.03
2835	1817448.19	554858.95
2836	1817446.42	554852.34
2837	1817446.63	554845.25
2838	1817446.96	554836.46
2839	1817451.54	554830.19
2840	1817457.46	554824.6
2841	1817462.28	554818.76
2842	1817468.73	554818.45
2843	1817474.85	554823.01
2844	1817481.34	554827.67
2845	1817487.41	554827.77
2846	1817496.82	554827.32
2847	1817504.07	554828.4
2848	1817509.56	554832.42
2849	1817515.55	554837.48
2850	1817519.14	554841.26
2851	1817517.65	554847.97
2852	1817523.99	554852.9
2853	1817528.53	554860.68
2854	1817532.14	554867.75
2855	1817539.3	554873.33
2856	1817536.72	554880.83
2857	1817537.61	554888.66
2858	1817537.65	554888.65
2859	1817538.17	554877.56
2860	1817540.63	554867.47
2861	1817547.15	554859.8
2862	1817544.82	554854.19
2863	1817542.72	554844.91
2864	1817541.23	554833.24
2865	1817541.41	554821.9
2866	1817532.49	554812.36
2867	1817524.17	554805.71
2868	1817516.32	554792.36
2869	1817507.09	554788.12
2870	1817496.74	554782.39
2871	1817486.18	554775.8
2872	1817477.05	554765.86
2873	1817472.23	554757.31
2874	1817468.39	554749.52
2875	1817471.42	554740.23
2876	1817462.51	554740.38
2877	1817452.96	554737.73
2878	1817453.91	554726.42
2879	1817452.37	554715.86
2880	1817451.7	554704.78
2881	1817453.18	554691.06
2882	1817453.62	554678.66
2883	1817451.66	554668.38
2884	1817449.5	554657.88
2885	1817448.48	554647.7
2886	1817445.36	554636.78
2887	1817441.52	554627.33
2888	1817438.1	554615.67
2889	1817438.66	554604.8
2890	1817438.4	554594.83
2891	1817439.04	554584
2892	1817440.02	554573.27
2893	1817443.67	554564.28
2894	1817444.59	554564.94
2895	1817444.58	554564.78
2896	1817443.3	554564.23
2897	1817447.87	554547.15
2898	1817453.07	554519.27
2899	1817452.3	554490.26
2900	1817450.11	554447.14
2901	1817458.58	554406.1
2902	1817483.24	554377.73
2903	1817485.77	554369.94
2904	1817493.66	554342.95
2905	1817505.44	554303.34
2906	1817508.94	554275.32
2907	1817504.39	554273.49
2908	1817504.33	554268.28
2909	1817505.11	554261.89
2910	1817505.58	554263.01
2911	1817527.78	554268.45
2912	1817581.54	554304.8
2913	1817636.47	554375.82
2914	1817682.9	554424.26
2915	1817761.33	554446.67
2916	1817820.53	554491.04
2917	1817842.52	554556.8
2918	1817861.27	554604.09
2919	1817903.39	554652.65
2920	1817956	554691.95
2921	1818023.71	554695.28
2922	1818079.49	554661.88
2923	1818099.56	554595.81
2924	1818101.12	554526.13
2925	1818119.38	554473.69
2926	1818165.42	554433.73
2927	1818223.44	554437.77
2928	1818291.65	554452.6
2929	1818367.19	554451.23
2930	1818442.22	554452.84
2931	1818494.93	554451.5
2932	1818518.11	554437.92
2933	1818543.6	554428.22
2934	1818562.85	554421.43
2935	1818560.3	554422.1
2936	1818562.2	554421.85
2937	1818566.53	554420.96
2938	1818573.71	554417.95
2939	1818581.89	554414.14
2940	1818589.27	554408.73
2941	1818596.67	554402.68
2942	1818602.74	554397.57
2943	1818609.94	554389.12
2944	1818616.13	554384.2
2945	1818621.72	554380.77
2946	1818621.12	554377.59
2947	1818618.9	554374.34
2948	1818616.31	554372.01
2949	1818610.35	554369.06
2950	1818604.65	554365.35
2951	1818600.05	554360.8
2952	1818600.22	554356.18
2953	1818597.54	554353.46
2954	1818593.33	554349.52
2955	1818590.48	554345.7
2956	1818586.44	554342.69
2957	1818582.97	554343.42
2958	1818577.44	554342.12
2959	1818575.06	554341.92
2960	1818572.32	554342
2961	1818568.11	554339.25
2962	1818566.18	554334.86
2963	1818564.28	554332
2964	1818562.83	554328.11
2965	1818561.9	554324.74
2966	1818563.83	554322.21
2967	1818565.04	554318.75
2968	1818565.87	554316.6
2969	1818566.63	554313.54
2970	1818566.02	554308.71
2971	1818568.08	554304.69
2972	1818568.47	554299.93
2973	1818567.79	554300.03
2974	1818568.22	554296.29
2975	1818569.1	554294.32
2976	1818572.71	554292.15
2977	1818573.93	554290.88
2978	1818572.23	554285.5
2979	1818568.45	554284.26
2980	1818566.42	554280.85
2981	1818565.19	554281.13
2982	1818563.8	554274.94
2983	1818565.66	554269.27
2984	1818561.97	554266.67
2985	1818558.91	554262.02
2986	1818558.01	554256.88
2987	1818553.59	554254.97
2988	1818549.87	554254.07
2989	1818547.6	554255.87
2990	1818546.04	554257.22
2991	1818543.24	554258.98
2992	1818538.48	554262.11
2993	1818535.98	554265.79
2994	1818534.11	554269.19
2995	1818531.18	554272.25
2996	1818527.31	554271.65
2997	1818524.65	554270.54
2998	1818521.28	554270.35
2999	1818519.57	554270.34
3000	1818517.74	554269.56
3001	1818514.89	554269.19
3002	1818512.83	554267.91
3003	1818509.21	554267.24
3004	1818506.08	554267.23
3005	1818502.51	554266.05
3006	1818502.64	554266.23
3007	1818501.45	554264.63
3008	1818496.9	554262.56
3009	1818494.77	554259.86
3010	1818494.16	554255.29
3011	1818492.61	554250.23
3012	1818487.61	554247.8
3013	1818482.1	554245.29
3014	1818476.76	554242.45
3015	1818471.82	554240.08
3016	1818466.19	554236.64
3017	1818463.01	554234.79
3018	1818461.74	554232.86
3019	1818459.29	554230.42
3020	1818456.51	554228.48
3021	1818452.68	554225.79
3022	1818448.29	554225.28
3023	1818445.35	554224.93
3024	1818443.27	554224.44
3025	1818440.44	554224.42
3026	1818439.08	554225.04
3027	1818437.76	554225.88
3028	1818435.83	554226.68
3029	1818434.88	554226.74
3030	1818432.58	554225.89
3031	1818432.2	554225.04
3032	1818430.92	554224.67
3033	1818429.22	554225.35
3034	1818428.06	554225.26
3035	1818424.9	554224.3
3036	1818423.01	554223.72
3037	1818421.01	554221.85
3038	1818417.49	554220.6
3039	1818413.13	554219.67
3040	1818407.96	554218.56
3041	1818403.71	554215.31
3042	1818401.3	554213.53
3043	1818399.85	554213.57
3044	1818398.38	554213.73
3045	1818394.47	554215.75
3046	1818391.82	554216.26
3047	1818390.67	554216.96
3048	1818389.85	554218.24
3049	1818389.22	554218.65
3050	1818389.47	554221.19
3051	1818387.95	554222.65
3052	1818387.48	554224.36
3053	1818387.49	554225.37
3054	1818386.49	554228.35
3055	1818386	554230.79
3056	1818384.96	554234.61
3057	1818382.77	554236.59
3058	1818381.53	554237.75
3059	1818381.72	554237.47
3060	1818381.47	554237.24
3061	1818379.99	554237.22
3062	1818378.64	554236.35
3063	1818375.68	554237.39
3064	1818375.4	554233.74
3065	1818373.36	554227.98
3066	1818371.37	554223.73
3067	1818366.91	554218.88
3068	1818360.94	554216.9
3069	1818355.01	554218.5
3070	1818350.79	554221.04
3071	1818348.09	554223.42
3072	1818343.92	554224
3073	1818340.04	554222.1
3074	1818335.2	554221.2
3075	1818332.15	554223.61
3076	1818328.44	554227.78
3077	1818328.55	554229.86
3078	1818326.19	554231.43
3079	1818323.7	554227.58
3080	1818319.88	554224.06
3081	1818315.86	554224.66
3082	1818311.33	554225.95
3083	1818306.32	554228.01
3084	1818300.06	554227.46
3085	1818292.99	554225.38
3086	1818286.57	554223.35
3087	1818283.16	554219.96
3088	1818279.46	554216.27
3089	1818276.1	554212.38
3090	1818274.97	554209.75
3091	1818272.06	554209.97
3092	1818267.62	554206.98
3093	1818262.45	554204.32
3094	1818256.94	554201.5
3095	1818253.07	554198.15
3096	1818249.7	554202.26
3097	1818249.68	554206.53
3098	1818248.61	554210.1
3099	1818247.59	554212.47
3100	1818246.68	554215.56
3101	1818248.24	554217.77
3102	1818251.4	554218.45
3103	1818252.76	554218.84
3104	1818255.39	554220.21
3105	1818258.13	554221.61
3106	1818260.36	554226.55
3107	1818263.21	554230.79
3108	1818266.75	554233.54
3109	1818271.79	554235.94
3110	1818275.46	554237.56
3111	1818280.31	554235.93
3112	1818283.15	554240.62
3113	1818285.81	554243.91
3114	1818288.95	554250.23
3115	1818292.77	554253.2
3116	1818298.35	554255.69
3117	1818303.92	554258.51
3118	1818308.46	554263.32
3119	1818312.65	554268.61
3120	1818317.29	554272.3
3121	1818322.29	554276.92
3122	1818325.19	554283.96
3123	1818329.3	554288.77
3124	1818334.53	554291.62
3125	1818339.82	554294.46
3126	1818345.65	554295.75
3127	1818349.13	554299.13
3128	1818348.36	554302.9
3129	1818349.37	554306.39
3130	1818348.03	554310.88
3131	1818350.04	554314.46
3132	1818350.59	554316.17
3133	1818351.92	554317.36
3134	1818353.8	554318.4
3135	1818354.93	554317.9
3136	1818357.61	554318.5
3137	1818361.94	554320.65
3138	1818365.26	554319.52
3139	1818370.32	554317.68
3140	1818375.27	554321.48
3141	1818375.86	554325.07
3142	1818378.12	554328.59
3143	1818378.46	554331.57
3144	1818377.94	554333.57
3145	1818380.09	554336.79
3146	1818382.46	554335.39
3147	1818385.32	554335.81
3148	1818387.17	554338.74
3149	1818389.65	554339.17
3150	1818390.43	554341.33
3151	1818391.75	554343.89
3152	1818392.34	554345.34
3153	1818393.78	554347.02
3154	1818393.53	554349.27
3155	1818392.95	554350.73
3156	1818392.71	554352.62
3157	1818391.19	554354.01
3158	1818389.35	554355.75
3159	1818389.71	554357.98
3160	1818390.92	554358.94
3161	1818393.93	554359.72
3162	1818397.58	554360.54
3163	1818401.55	554359.17
3164	1818403.25	554359.9
3165	1818403.32	554360.11
3166	1818404.1	554359.71
3167	1818405.43	554360.92
3168	1818407.21	554361.43
3169	1818407.85	554361.91
3170	1818407.23	554362.04
3171	1818408.13	554361.14
3172	1818409.76	554361.24
3173	1818410.72	554361.9
3174	1818413.33	554364.49
3175	1818412.93	554365.36
3176	1818414.9	554366.76
3177	1818417.65	554368.06
3178	1818418.48	554366.68
3179	1818420.4	554367.69
3180	1818420.65	554370.66
3181	1818421.72	554373.18
3182	1818425.68	554373.33
3183	1818429.15	554376.91
3184	1818429.92	554378.15
3185	1818433.47	554381.67
3186	1818437.26	554384.21
3187	1818441.24	554383.82
3188	1818445.82	554382.37
3189	1818450.4	554380.62
3190	1818453.87	554378.11
3191	1818456.92	554373.69
3192	1818459.33	554374.47
3193	1818460.58	554373.14
3194	1818463.58	554373.74
3195	1818467.82	554372.27
3196	1818474.01	554368.31
3197	1818478.57	554374.67
3198	1818482.59	554377.91
3199	1818488.07	554373.87
3200	1818494.44	554372.71
3201	1818499.07	554378.56
3202	1818505.72	554378.23
3203	1818509.96	554380.41
3204	1818513.79	554381.89
3205	1818516.89	554384.43
3206	1818519.47	554387.08
3207	1818524.92	554386.76
3208	1818528.43	554389.33
3209	1818530.39	554394.58
3210	1818532.63	554398.57
3211	1818536.82	554403.65
3212	1818540.93	554405.9
3213	1818544.28	554406.42
3214	1818549.92	554409.47
3215	1818552.47	554411.34
3216	1818553.61	554414.53
3217	1818555.05	554416.96
3218	1818556.68	554417.46
3219	1818559.32	554419.34
3220	1818562.43	554423.39
3221	1818559.04	554425.53
3222	1818548.18	554429.94
3223	1818538.96	554433.18
3224	1818529.66	554436.12
3225	1818518.64	554439.71
3226	1818509.39	554443.47
3227	1818501.41	554448.51
3228	1818495.77	554453.79
3229	1818492.43	554453.63
3230	1818492.94	554453.49
3231	1818492.56	554453.46
3232	1818492.88	554453.36
3233	1818492.73	554453.51
3234	1818469.68	554455.43
3235	1818429.71	554455.32
3236	1818378.3	554454.45
3237	1818322.67	554454.06
3238	1818258.9	554452.17
3239	1818194.37	554432.01
3240	1818148.15	554450.62
3241	1818107.17	554497.92
3242	1818107.95	554543.35
3243	1818100.39	554602.67
3244	1818077.98	554665.68
3245	1818025.91	554691.79
3246	1817965.28	554688.1
3247	1817907.93	554664.88
3248	1817858.36	554610.78
3249	1817830.06	554539.57
3250	1817806.37	554474.99
3251	1817747.69	554437.29
3252	1817679.87	554418.26
3253	1817625.7	554372.69
3254	1817581.9	554316.12
3255	1817535.44	554274.48
3256	1817507.19	554261.7
3257	1817508.08	554259.08
3258	1852182.82	535254.09
3259	1852172.67	535254.67
3260	1852166.49	535240.27
3261	1852168.69	535239.19
3262	1852167.18	535239.53
