
p26     1852673.565     538177.439     581.868
p70     1850046.198     540857.496     659.017
p1      1840746.991     551221.070     446.735
p2      1840745.837     551220.082     446.778
p3      1840747.263     551217.627     447.241
p4      1840753.660     551226.264     446.716
p5      1840769.417     551207.175     447.380
p6      1840763.362     551201.207     447.335
p7      1840762.269     551200.069     447.360
p8      1840761.879     551199.643     447.749
p9      1840765.212     551196.400     447.473
p10     1840746.523     551184.836     449.767
p11     1840748.088     551181.859     449.899
p12     1840711.342     551155.713     450.871
p13     1840713.290     551153.287     450.850
p14     1840696.648     551176.131     450.283
p15     1840722.639     551197.199     449.822
p16     1852594.175     538076.227     581.604
p17     1852596.617     538073.570     581.584
p18     1852595.603     538081.881     581.673
p19     1852583.945     538114.980     579.911
p20     1852573.926     538148.766     569.303
p21     1852585.980     538158.404     569.304
p22     1852605.620     538172.368     569.884
p23     1852621.671     538186.859     570.471
p24     1852647.610     538199.201     572.227
p25     1852659.314     538200.272     572.262
p27     1852678.129     538164.281     587.604
p28     1852686.159     538144.979     589.243
p29     1852687.938     538142.354     589.682
p30     1852690.659     538139.777     589.660
p31     1852665.514     538118.590     587.315
p32     1852662.985     538121.213     587.260
p33     1852641.706     538104.677     585.394
p34     1852643.467     538101.204     585.382
p35     1852689.726     538135.824     589.098
p36     1852698.752     538116.554     586.916
p37     1852703.830     538101.715     581.163
p38     1852703.676     538091.702     578.069
p39     1852694.051     538079.279     575.569
p40     1852680.999     538084.328     580.315
p41     1852667.044     538074.253     580.186
p42     1852662.446     538039.089     573.297
p43     1852660.326     538024.581     570.665
p44     1852645.850     538006.065     567.493
p45     1852632.033     537988.308     572.218
p46     1852619.625     538015.023     576.555
p47     1852605.028     538053.731     580.413
p48     1852599.337     538072.217     581.487
p49     1852547.274     537876.578     564.325
p50     1852546.810     537876.115     564.127
p51     1852552.525     537879.844     564.259
p52     1852529.540     537862.432     561.951
p53     1852518.237     537848.314     561.539
p54     1852519.290     537842.212     561.265
p55     1852497.148     537824.363     563.095
p56     1852494.652     537806.564     561.030
p57     1852471.568     537784.893     560.727
p58     1852459.499     537802.831     561.123
p59     1852445.557     537830.341     560.738
p60     1852442.757     537871.053     561.541
p61     1852483.129     537889.921     565.531
p62     1852512.213     537904.099     567.218
p63     1852525.451     537909.882     566.938
p64     1852527.161     537910.770     567.100
p65     1852533.642     537913.733     566.803
p66     1852540.422     537898.942     565.152
p67     1852534.549     537895.350     565.234
p68     1850066.344     540903.973     659.437
p69     1850051.841     540881.260     659.851
p71     1850041.798     540853.253     658.347
p72     1850022.009     540865.658     662.508
p73     1849990.957     540875.878     663.287
p74     1849977.054     540887.477     664.642
p75     1849984.430     540884.107     663.598
p76     1849961.500     540887.573     664.657
p77     1849953.039     540900.432     665.445
p78     1849949.593     540908.229     665.810
p79     1849969.763     540932.150     668.975
p80     1850013.552     540932.300     670.298
p81     1850031.645     540932.048     666.915
p82     1850036.485     540915.990     666.547
p83     1840341.670     552320.992     422.588
p84     1840343.573     552322.532     423.028
p85     1840350.113     552316.542     423.189
p86     1840363.186     552345.396     421.749
p87     1840369.581     552339.756     421.887
p88     1840379.817     552325.756     422.522
p89     1840391.396     552339.450     421.365
p90     1840398.864     552348.758     420.998
p91     1840407.760     552357.991     420.081
p92     1840386.541     552374.631     418.966
p93     1840378.513     552364.708     419.931
p94     1840371.080     552354.990     420.990
p95     1840408.659     552357.385     420.001
p96     1840410.523     552355.758     419.978
p97     1840393.997     552336.911     421.563
p98     1840392.093     552338.606     421.545
p99     1840374.376     552318.476     423.037
p100    1840373.458     552318.381     423.129
p101    1840375.732     552316.189     423.080
p102    1840364.899     552304.113     423.389
p103    1840362.818     552305.779     423.345
p104    1840362.445     552305.990     423.376
p105    1840361.185     552305.676     423.371
p106    1840359.684     552306.208     423.362
p107    1840358.606     552303.935     423.188
p108    1840355.329     552300.774     423.191
p109    1840349.784     552306.442     423.017
p110    1839170.609     552016.936     403.375
p111    1839176.028     552007.828     403.474
p112    1839167.502     552003.531     403.195
p113    1839162.747     552012.860     403.163
p114    1839166.967     552022.894     407.999
p115    1839157.720     552022.254     408.118
p116    1839160.443     552032.833     408.157
p117    1839154.041     552028.796     406.903
p118    1839160.402     552032.654     408.108
p119    1838768.841     549410.019     404.946
p120    1838768.628     549408.547     404.868
p121    1838768.602     549405.480     404.850
p122    1838758.773     549405.913     404.719
p123    1838758.656     549408.951     404.737
p124    1838772.487     549429.876     405.079
p125    1839759.522     547513.142     481.422
p126    1839763.738     547511.751     481.534
p127    1839764.846     547510.360     481.841
p128    1839801.904     547486.314     488.914
p129    1839831.644     547470.907     483.781
p130    1839851.232     547459.606     476.548
p131    1839865.598     547485.888     478.527
p132    1839870.898     547511.759     479.678
p133    1839863.422     547529.970     478.272
p134    1839851.621     547553.652     482.103
p135    1839831.136     547576.506     481.546
p136    1839808.507     547589.876     480.357
p137    1839795.790     547590.918     479.906
p138    1839761.899     547569.584     478.325
p139    1839761.308     547569.429     477.004
p140    1839756.635     547568.123     477.127
p141    1839765.434     547545.364     479.682
p142    1839761.382     547544.153     479.774
p143    1838211.846     549402.333     380.315
p144    1838245.051     549400.494     380.798
p145    1838242.406     549374.378     381.400
p146    1838212.986     549372.992     380.343
p147    1838212.198     549369.630     380.276
p148    1838213.707     549372.180     380.599
p149    1838213.434     549370.150     380.581
p150    1838232.934     549373.532     381.276
p151    1838233.179     549371.527     381.297
p152    1838242.474     549373.278     381.283
p153    1838242.432     549371.170     381.310
p154    1838210.939     549371.094     380.136
p155    1838210.260     549402.352     379.617
p156    1838200.095     549371.057     380.170
p157    1838199.479     549401.362     379.708
p158    1838216.450     549379.214     380.983
p159    1838216.785     549379.177     382.379
p160    1838212.449     549378.870     380.026
