1	1819518	549202
2	1819518	549202
3	1819523	549201
4	1819546	549202
5	1819566	549200
6	1819567	549194
7	1819567	549169
8	1819557	549154
9	1819545	549132
10	1819547	549117
11	1819548	549115
12	1819549	549109
13	1819552	549105
14	1819556	549101
15	1819560	549095
16	1819563	549090
17	1819564	549084
18	1819566	549078
19	1819566	549069
20	1819567	549061
21	1819567	549053
22	1819565	549047
23	1819558	549047
24	1819547	549044
25	1819542	549043
26	1819536	549040
27	1819531	549037
28	1819526	549034
29	1819520	549036
30	1819515	549038
31	1819508	549042
32	1819503	549044
33	1819500	549049
34	1819492	549052
35	1819489	549054
36	1819483	549055
37	1819479	549056
38	1819476	549057
39	1819477	549060
40	1819482	549065
41	1819482	549070
42	1819483	549077
43	1819483	549084
44	1819484	549088
45	1819485	549096
46	1819489	549104
47	1819493	549109
48	1819499	549116
49	1819503	549120
50	1819511	549120
51	1819522	549119
52	1819534	549118
53	1819540	549119
54	1819547	549136
55	1819562	549163
56	1819570	549191
57	1819554	549201
58	1819524	549200
59	1819518	549200
60	1819519	549199
61	1819517	549199
62	1819514	549199
63	1819507	549197
64	1819500	549195
65	1819507	549198
66	1819518	549200
67	1819519	549200
68	1819518	549200
69	1819505	549196
70	1819405	549157
71	1819379	549148
72	1819376	549150
73	1819376	549151
74	1819376	549151
75	1819375	549152
76	1819375	549150
77	1819374	549150
78	1819376	549150
79	1819373	549152
80	1819372	549155
81	1819371	549159
82	1819363	549168
83	1819358	549186
84	1819360	549199
85	1819356	549205
86	1819354	549207
87	1819349	549219
88	1819349	549220
89	1819349	549230
90	1819350	549233
91	1819355	549252
92	1819360	549269
93	1819363	549274
94	1819366	549278
95	1819368	549276
96	1819370	549279
97	1819369	549282
98	1819368	549284
99	1819368	549287
100	1819368	549290
101	1819366	549291
102	1819366	549290
103	1819366	549291
104	1819366	549295
105	1819366	549298
106	1819365	549300
107	1819364	549304
108	1819363	549306
109	1819361	549310
110	1819360	549310
111	1819358	549310
112	1819353	549317
113	1819347	549321
114	1819347	549321
115	1819340	549320
116	1819327	549323
117	1819326	549324
118	1819315	549322
119	1819306	549320
120	1819305	549320
121	1819296	549317
122	1819294	549317
123	1819291	549316
124	1819282	549317
125	1819279	549317
126	1819275	549317
127	1819270	549317
128	1819268	549316
129	1819261	549311
130	1819256	549306
131	1819254	549303
132	1819249	549300
133	1819243	549295
134	1819238	549292
135	1819236	549290
136	1819234	549288
137	1819228	549281
138	1819234	549279
139	1819242	549273
140	1819246	549267
141	1819250	549260
142	1819255	549254
143	1819254	549254
144	1819255	549251
145	1819264	549248
146	1819274	549246
147	1819282	549246
148	1819287	549246
149	1819290	549247
150	1819292	549245
151	1819295	549244
152	1819304	549246
153	1819305	549246
154	1819312	549248
155	1819319	549251
156	1819324	549252
157	1819328	549249
158	1819333	549248
159	1819340	549248
160	1819346	549244
161	1819353	549241
162	1819351	549236
163	1819349	549225
164	1819350	549217
165	1819353	549209
166	1819357	549204
167	1819359	549200
168	1819360	549195
169	1819358	549180
170	1819365	549164
171	1819374	549151
172	1819373	549148
173	1819373	549150
174	1819368	549145
175	1819299	549140
176	1819258	549138
177	1819230	549144
178	1819230	549145
179	1819229	549146
180	1819227	549139
181	1819225	549126
182	1819223	549123
183	1819220	549111
184	1819215	549093
185	1819207	549085
186	1819196	549070
187	1819189	549063
188	1819184	549057
189	1819182	549055
190	1819169	549046
191	1819176	549038
192	1819186	549032
193	1819190	549025
194	1819200	549017
195	1819211	549011
196	1819228	549010
197	1819234	549010
198	1819237	549009
199	1819240	549011
200	1819242	549018
201	1819246	549025
202	1819253	549037
203	1819252	549042
204	1819256	549046
205	1819258	549053
206	1819259	549062
207	1819259	549067
208	1819262	549068
209	1819267	549076
210	1819269	549086
211	1819270	549089
212	1819275	549100
213	1819276	549114
214	1819278	549125
215	1819278	549132
216	1819277	549133
217	1819261	549138
218	1819259	549140
219	1819238	549145
220	1819228	549148
221	1819226	549148
222	1819207	549155
223	1819203	549154
224	1819205	549154
225	1819201	549154
226	1819202	549151
227	1819204	549152
228	1819202	549156
229	1819225	549148
230	1819230	549143
231	1819231	549142
232	1819232	549143
233	1819230	549145
234	1819229	549146
235	1819230	549148
236	1819231	549147
237	1819230	549145
238	1819228	549146
239	1819227	549146
240	1819192	549156
241	1819181	549157
242	1819125	549152
243	1819048	549103
244	1819022	549068
245	1819011	549069
246	1818993	549085
247	1818979	549097
248	1818937	549126
249	1818896	549136
250	1818878	549131
251	1818838	549122
252	1818814	549132
253	1818785	549154
254	1818734	549165
255	1818729	549165
256	1818694	549158
257	1818641	549164
258	1818601	549170
259	1818558	549177
260	1818545	549183
261	1818543	549191
262	1818548	549208
263	1818547	549211
264	1818552	549217
265	1818552	549221
266	1818557	549229
267	1818560	549233
268	1818564	549239
269	1818580	549246
270	1818594	549253
271	1818595	549255
272	1818593	549261
273	1818584	549268
274	1818581	549269
275	1818578	549270
276	1818578	549272
277	1818572	549285
278	1818571	549285
279	1818568	549286
280	1818559	549297
281	1818553	549299
282	1818547	549306
283	1818545	549310
284	1818543	549314
285	1818536	549313
286	1818534	549309
287	1818530	549307
288	1818517	549305
289	1818509	549301
290	1818499	549296
291	1818489	549300
292	1818486	549301
293	1818492	549303
294	1818495	549312
295	1818496	549317
296	1818494	549325
297	1818492	549329
298	1818492	549339
299	1818491	549350
300	1818488	549353
301	1818489	549359
302	1818495	549361
303	1818502	549362
304	1818518	549350
305	1818541	549340
306	1818559	549334
307	1818567	549333
308	1818601	549337
309	1818631	549338
310	1818655	549340
311	1818673	549340
312	1818673	549341
313	1818674	549338
314	1818674	549330
315	1818674	549327
316	1818674	549326
317	1818674	549322
318	1818674	549315
319	1818675	549309
320	1818672	549309
321	1818665	549309
322	1818658	549309
323	1818635	549308
324	1818624	549310
325	1818607	549311
326	1818595	549305
327	1818594	549301
328	1818599	549305
329	1818603	549304
330	1818608	549305
331	1818630	549301
332	1818646	549301
333	1818648	549301
334	1818653	549299
335	1818657	549298
336	1818659	549282
337	1818661	549265
338	1818659	549252
339	1818657	549250
340	1818654	549249
341	1818635	549250
342	1818620	549251
343	1818610	549250
344	1818601	549249
345	1818584	549251
346	1818583	549249
347	1818577	549245
348	1818573	549242
349	1818572	549240
350	1818570	549236
351	1818566	549231
352	1818558	549224
353	1818557	549220
354	1818557	549215
355	1818548	549198
356	1818547	549197
357	1818544	549186
358	1818545	549185
359	1818543	549187
360	1818542	549188
361	1818540	549190
362	1818548	549211
363	1818551	549231
364	1818551	549247
365	1818546	549256
366	1818538	549253
367	1818534	549253
368	1818528	549258
369	1818527	549262
370	1818523	549275
371	1818517	549288
372	1818514	549294
373	1818515	549299
374	1818518	549301
375	1818522	549301
376	1818525	549302
377	1818532	549305
378	1818537	549310
379	1818544	549305
380	1818547	549303
381	1818554	549297
382	1818557	549290
383	1818560	549279
384	1818562	549277
385	1818566	549276
386	1818574	549278
387	1818574	549277
388	1818580	549268
389	1818581	549266
390	1818583	549265
391	1818591	549263
392	1818589	549257
393	1818587	549257
394	1818579	549256
395	1818576	549256
396	1818564	549255
397	1818552	549255
398	1818548	549254
399	1818549	549243
400	1818549	549240
401	1818552	549226
402	1818551	549217
403	1818552	549213
404	1818555	549209
405	1818555	549207
406	1818553	549204
407	1818549	549202
408	1818541	549191
409	1818542	549186
410	1818542	549187
411	1818543	549187
412	1818542	549188
413	1818543	549183
414	1818544	549185
415	1818543	549185
416	1818545	549183
417	1818582	549173
418	1818634	549166
419	1818706	549158
420	1818730	549165
421	1818751	549162
422	1818792	549158
423	1818809	549143
424	1818816	549135
425	1818851	549125
426	1818864	549129
427	1818898	549139
428	1818908	549140
429	1818932	549133
430	1818978	549101
431	1819016	549065
432	1818998	549043
433	1818959	549025
434	1818937	549003
435	1818877	548897
436	1818863	548866
437	1818859	548859
438	1818810	548844
439	1818661	548884
440	1818601	548908
441	1818562	548912
442	1818405	548892
443	1818334	548894
444	1818304	548894
445	1818270	548894
446	1818255	548896
447	1818247	548904
448	1818243	548912
449	1818235	548937
450	1818217	548966
451	1818158	549019
452	1818153	549026
453	1818130	549057
454	1818112	549076
455	1818099	549088
456	1818069	549114
457	1818052	549164
458	1818066	549287
459	1818073	549320
460	1818071	549340
461	1818068	549345
462	1818058	549360
463	1818057	549391
464	1818075	549418
465	1818074	549416
466	1818074	549416
467	1818073	549414
468	1818074	549414
469	1818074	549414
470	1818075	549414
471	1818098	549455
472	1818120	549496
473	1818125	549506
474	1818154	549565
475	1818184	549619
476	1818202	549663
477	1818214	549690
478	1818240	549744
479	1818242	549796
480	1818217	549841
481	1818189	549865
482	1818175	549882
483	1818160	549966
484	1818157	549990
485	1818169	550029
486	1818205	550059
487	1818206	550058
488	1818206	550057
489	1818204	550056
490	1818206	550057
491	1818200	550054
492	1818185	550043
493	1818167	550027
494	1818158	550019
495	1818149	549975
496	1818163	549895
497	1818187	549862
498	1818199	549852
499	1818229	549826
500	1818245	549778
501	1818239	549747
502	1818205	549674
503	1818187	549635
504	1818168	549599
505	1818137	549544
506	1818080	549425
507	1818058	549380
508	1817984	549299
509	1817971	549284
510	1817944	549279
511	1817944	549280
512	1817947	549278
513	1817948	549280
514	1817946	549277
515	1817947	549271
516	1817942	549271
517	1817940	549269
518	1817940	549271
519	1817939	549270
520	1817940	549267
521	1817933	549266
522	1817934	549266
523	1817934	549266
524	1817934	549266
525	1817945	549267
526	1817946	549270
527	1817947	549272
528	1817950	549284
529	1817952	549281
530	1817964	549291
531	1817972	549305
532	1817975	549310
533	1817971	549319
534	1817970	549326
535	1817965	549336
536	1817955	549348
537	1817954	549351
538	1817948	549357
539	1817946	549371
540	1817942	549378
541	1817934	549389
542	1817921	549397
543	1817916	549402
544	1817918	549405
545	1817918	549405
546	1817923	549410
547	1817923	549412
548	1817923	549419
549	1817920	549426
550	1817914	549425
551	1817910	549426
552	1817904	549429
553	1817888	549435
554	1817884	549439
555	1817884	549447
556	1817878	549458
557	1817877	549459
558	1817876	549466
559	1817875	549470
560	1817872	549474
561	1817861	549479
562	1817856	549483
563	1817854	549484
564	1817850	549483
565	1817844	549483
566	1817836	549483
567	1817830	549485
568	1817827	549491
569	1817828	549492
570	1817823	549494
571	1817820	549498
572	1817816	549501
573	1817813	549509
574	1817811	549512
575	1817810	549516
576	1817808	549522
577	1817806	549527
578	1817806	549530
579	1817806	549534
580	1817803	549539
581	1817800	549547
582	1817795	549557
583	1817792	549568
584	1817787	549576
585	1817779	549580
586	1817769	549584
587	1817761	549591
588	1817757	549600
589	1817750	549600
590	1817744	549594
591	1817738	549585
592	1817738	549578
593	1817737	549566
594	1817738	549560
595	1817739	549557
596	1817742	549553
597	1817744	549550
598	1817749	549540
599	1817753	549529
600	1817758	549518
601	1817761	549512
602	1817767	549505
603	1817778	549495
604	1817785	549489
605	1817788	549491
606	1817791	549495
607	1817796	549497
608	1817805	549499
609	1817810	549497
610	1817818	549500
611	1817817	549500
612	1817815	549505
613	1817821	549500
614	1817821	549500
615	1817823	549495
616	1817827	549490
617	1817838	549480
618	1817843	549480
619	1817849	549476
620	1817870	549472
621	1817873	549470
622	1817875	549465
623	1817882	549454
624	1817884	549453
625	1817895	549443
626	1817898	549435
627	1817902	549428
628	1817914	549425
629	1817918	549426
630	1817924	549420
631	1817925	549415
632	1817920	549408
633	1817917	549398
634	1817927	549389
635	1817928	549388
636	1817935	549385
637	1817942	549370
638	1817942	549369
639	1817946	549364
640	1817952	549350
641	1817961	549334
642	1817970	549320
643	1817970	549313
644	1817960	549295
645	1817945	549281
646	1817940	549274
647	1817938	549267
648	1817938	549266
649	1817940	549268
650	1817938	549268
651	1817937	549264
652	1817938	549266
653	1817939	549268
654	1817941	549268
655	1817944	549266
656	1817944	549267
657	1817945	549270
658	1817948	549270
659	1817947	549271
660	1817941	549272
661	1817937	549271
662	1817943	549270
663	1817947	549270
664	1817945	549270
665	1817945	549271
666	1817943	549272
667	1817947	549270
668	1817952	549267
669	1817947	549268
670	1817947	549266
671	1817940	549267
672	1817941	549265
673	1817941	549267
674	1817940	549266
675	1817938	549268
676	1817937	549269
677	1817941	549268
678	1817941	549266
679	1817941	549267
680	1817942	549268
681	1817941	549269
682	1817942	549268
683	1817942	549270
684	1817940	549268
685	1817943	549266
686	1817941	549265
687	1817940	549267
688	1817940	549267
689	1817942	549268
690	1817941	549266
691	1817942	549268
692	1817942	549267
693	1817939	549267
694	1817939	549267
695	1817939	549270
696	1817938	549272
697	1817935	549271
698	1817933	549270
699	1817936	549268
700	1817942	549267
701	1817940	549268
702	1817945	549269
703	1817942	549268
704	1817938	549269
705	1817940	549268
706	1817941	549267
707	1817935	549268
708	1817932	549270
709	1817936	549268
710	1817937	549268
711	1817939	549265
712	1817936	549267
713	1817937	549268
714	1817936	549266
715	1817935	549268
716	1817936	549269
717	1817935	549271
718	1817932	549272
719	1817935	549273
720	1817937	549270
721	1817941	549269
722	1817937	549273
723	1817934	549271
724	1817940	549270
725	1817943	549271
726	1817940	549272
727	1817938	549270
728	1817940	549270
729	1817937	549272
730	1817937	549271
731	1817936	549265
732	1817940	549265
733	1817942	549266
734	1817937	549266
735	1817938	549266
736	1817937	549263
737	1817936	549263
738	1817941	549263
739	1817946	549259
740	1817946	549255
741	1817949	549266
742	1817956	549264
743	1817937	549266
744	1817942	549259
745	1817940	549257
746	1817943	549255
747	1817946	549258
748	1817947	549261
749	1817944	549255
750	1817942	549253
751	1817942	549251
752	1817940	549254
753	1817937	549255
754	1817939	549252
755	1817940	549252
756	1817939	549261
757	1817936	549264
758	1817937	549265
759	1817939	549265
760	1817936	549266
761	1817936	549264
762	1817938	549265
763	1817939	549264
764	1817937	549264
765	1817936	549260
766	1817937	549261
767	1817936	549263
768	1817937	549263
769	1817937	549264
770	1817937	549265
771	1817940	549261
772	1817937	549259
773	1817937	549259
774	1817939	549261
775	1817942	549263
776	1817944	549266
777	1817942	549261
778	1817941	549257
779	1817942	549264
780	1817939	549269
781	1817940	549267
782	1817942	549263
783	1817937	549262
784	1817936	549260
785	1817938	549259
786	1817942	549256
787	1817943	549252
788	1817945	549256
789	1817946	549258
790	1817943	549259
791	1817941	549259
792	1817939	549258
793	1817942	549261
794	1817943	549261
795	1817939	549259
796	1817937	549258
797	1817939	549265
798	1817939	549262
799	1817944	549268
800	1817946	549262
801	1817937	549265
802	1817932	549265
803	1817934	549260
804	1817936	549257
805	1817939	549257
806	1817945	549258
807	1817948	549254
808	1817943	549251
809	1817938	549259
810	1817941	549266
811	1817941	549271
812	1817941	549273
813	1817940	549272
814	1817933	549268
815	1817934	549271
816	1817936	549268
817	1817932	549273
818	1817936	549269
819	1817932	549270
820	1817931	549266
821	1817927	549267
822	1817927	549268
823	1817934	549264
824	1817934	549267
825	1817937	549266
826	1817932	549261
827	1817933	549260
828	1817928	549263
829	1817932	549262
830	1817931	549260
831	1817933	549264
832	1817932	549269
833	1817936	549267
834	1817937	549262
835	1817937	549259
836	1817939	549259
837	1817934	549262
838	1817931	549265
839	1817935	549270
840	1817930	549272
841	1817930	549262
842	1817934	549265
843	1817931	549276
844	1817932	549282
845	1817947	549275
846	1817955	549279
847	1817940	549270
848	1817938	549267
849	1817933	549265
850	1817925	549266
851	1817927	549266
852	1817928	549263
853	1817930	549262
854	1817930	549265
855	1817936	549267
856	1817932	549272
857	1817932	549270
858	1817938	549267
859	1817937	549267
860	1817936	549266
861	1817937	549267
862	1817934	549272
863	1817941	549274
864	1817941	549270
865	1817945	549266
866	1817942	549269
867	1817939	549268
868	1817931	549269
869	1817935	549269
870	1817937	549263
871	1817937	549262
872	1817940	549264
873	1817943	549268
874	1817943	549269
875	1817939	549273
876	1817941	549274
877	1817942	549271
878	1817944	549266
879	1817945	549268
880	1817949	549280
881	1817952	549283
882	1817953	549279
883	1817952	549279
884	1817971	549280
885	1817977	549286
886	1818048	549358
887	1818091	549442
888	1818129	549523
889	1818151	549565
890	1818157	549573
891	1818178	549611
892	1818190	549643
893	1818224	549715
894	1818235	549737
895	1818240	549765
896	1818240	549797
897	1818224	549832
898	1818195	549859
899	1818174	549887
900	1818167	549911
901	1818155	549999
902	1818172	550035
903	1818211	550066
904	1818214	550066
905	1818225	550057
906	1818227	550059
907	1818232	550065
908	1818232	550062
909	1818231	550062
910	1818234	550068
911	1818234	550067
912	1818204	550058
913	1818200	550054
914	1818175	550036
915	1818139	550027
916	1818123	550026
917	1818114	550035
918	1818100	550051
919	1818083	550063
920	1818045	550077
921	1818039	550092
922	1818030	550143
923	1818017	550182
924	1818001	550213
925	1817978	550252
926	1817976	550253
927	1817978	550251
928	1817976	550250
929	1817981	550253
930	1817981	550253
931	1817980	550253
932	1817980	550252
933	1817980	550252
934	1817980	550252
935	1817980	550252
936	1817979	550252
937	1817979	550252
938	1817979	550252
939	1817979	550252
940	1817979	550252
941	1817979	550252
942	1817979	550252
943	1817979	550252
944	1817979	550251
945	1817979	550251
946	1817979	550251
947	1817979	550251
948	1817979	550251
949	1817979	550251
950	1817979	550251
951	1817979	550251
952	1817979	550251
953	1817979	550251
954	1817979	550251
955	1817979	550251
956	1817979	550251
957	1817981	550248
958	1817981	550247
959	1817982	550246
960	1817982	550245
961	1817981	550245
962	1817981	550246
963	1817980	550249
964	1817979	550250
965	1817979	550251
966	1817978	550254
967	1817977	550255
968	1817977	550255
969	1817976	550256
970	1817975	550257
971	1817974	550258
972	1817974	550259
973	1817973	550260
974	1817972	550261
975	1817971	550263
976	1817970	550264
977	1817969	550265
978	1817968	550266
979	1817968	550267
980	1817967	550267
981	1817966	550268
982	1817966	550270
983	1817965	550270
984	1817965	550272
985	1817964	550273
986	1817963	550274
987	1817962	550275
988	1817962	550275
989	1817961	550276
990	1817960	550277
991	1817959	550279
992	1817959	550280
993	1817958	550281
994	1817957	550282
995	1817956	550283
996	1817955	550284
997	1817954	550285
998	1817953	550286
999	1817953	550287
1000	1817952	550288
1001	1817952	550290
1002	1817952	550291
1003	1817951	550292
1004	1817949	550295
1005	1817948	550296
1006	1817946	550298
1007	1817945	550298
1008	1817943	550300
1009	1817941	550302
1010	1817939	550303
1011	1817936	550305
1012	1817934	550306
1013	1817931	550307
1014	1817929	550309
1015	1817927	550310
1016	1817923	550313
1017	1817919	550315
1018	1817918	550315
1019	1817914	550318
1020	1817912	550320
1021	1817909	550322
1022	1817905	550325
1023	1817902	550326
1024	1817885	550334
1025	1817880	550335
1026	1817871	550332
1027	1817859	550321
1028	1817856	550313
1029	1817856	550303
1030	1817861	550298
1031	1817868	550287
1032	1817872	550276
1033	1817874	550270
1034	1817878	550258
1035	1817876	550246
1036	1817875	550238
1037	1817875	550235
1038	1817882	550234
1039	1817885	550230
1040	1817888	550230
1041	1817893	550219
1042	1817891	550216
1043	1817894	550220
1044	1817900	550220
1045	1817902	550219
1046	1817903	550218
1047	1817904	550219
1048	1817909	550213
1049	1817913	550209
1050	1817920	550205
1051	1817923	550202
1052	1817928	550198
1053	1817935	550195
1054	1817939	550193
1055	1817941	550194
1056	1817947	550197
1057	1817951	550203
1058	1817955	550211
1059	1817960	550222
1060	1817966	550231
1061	1817971	550234
1062	1817976	550242
1063	1817979	550245
1064	1817979	550248
1065	1817979	550249
1066	1817979	550249
1067	1817978	550250
1068	1817977	550250
1069	1817978	550250
1070	1817980	550250
1071	1817980	550246
1072	1818000	550212
1073	1818013	550205
1074	1818020	550160
1075	1818024	550151
1076	1818029	550143
1077	1818034	550130
1078	1818034	550113
1079	1818037	550101
1080	1818044	550084
1081	1818071	550064
1082	1818089	550064
1083	1818111	550038
1084	1818136	550019
1085	1818138	550013
1086	1818121	549970
1087	1818106	549934
1088	1818055	549890
1089	1818020	549872
1090	1818009	549869
1091	1817987	549866
1092	1817976	549865
1093	1817967	549863
1094	1817957	549861
1095	1817924	549866
1096	1817910	549873
1097	1817841	549889
1098	1817793	549897
1099	1817774	549897
1100	1817742	549887
1101	1817699	549871
1102	1817689	549871
1103	1817684	549887
1104	1817678	549916
1105	1817670	549942
1106	1817668	549954
1107	1817654	549975
1108	1817615	550003
1109	1817593	550025
1110	1817573	550040
1111	1817551	550058
1112	1817542	550065
1113	1817522	550073
1114	1817465	550085
1115	1817453	550088
1116	1817412	550102
1117	1817355	550126
1118	1817340	550131
1119	1817309	550147
1120	1817290	550160
1121	1817281	550175
1122	1817273	550191
1123	1817234	550230
1124	1817228	550230
1125	1817221	550232
1126	1817216	550235
1127	1817213	550235
1128	1817212	550235
1129	1817213	550236
1130	1817213	550239
1131	1817213	550240
1132	1817211	550249
1133	1817205	550255
1134	1817209	550262
1135	1817212	550269
1136	1817212	550273
1137	1817209	550277
1138	1817205	550280
1139	1817199	550279
1140	1817189	550278
1141	1817180	550278
1142	1817172	550282
1143	1817170	550282
1144	1817162	550282
1145	1817154	550281
1146	1817152	550280
1147	1817152	550279
1148	1817149	550277
1149	1817149	550277
1150	1817146	550280
1151	1817144	550282
1152	1817141	550282
1153	1817134	550277
1154	1817132	550269
1155	1817131	550261
1156	1817132	550257
1157	1817140	550247
1158	1817144	550239
1159	1817151	550233
1160	1817158	550227
1161	1817165	550220
1162	1817172	550210
1163	1817174	550208
1164	1817176	550208
1165	1817177	550205
1166	1817180	550199
1167	1817188	550192
1168	1817191	550193
1169	1817203	550193
1170	1817209	550201
1171	1817211	550213
1172	1817213	550223
1173	1817213	550234
1174	1817212	550235
1175	1817215	550235
1176	1817225	550231
1177	1817224	550230
1178	1817226	550230
1179	1817248	550215
1180	1817269	550191
1181	1817285	550160
1182	1817300	550149
1183	1817314	550140
1184	1817327	550132
1185	1817342	550127
1186	1817355	550119
1187	1817416	550097
1188	1817437	550091
1189	1817469	550081
1190	1817503	550074
1191	1817523	550071
1192	1817562	550047
1193	1817591	550026
1194	1817596	550022
1195	1817611	550007
1196	1817620	549998
1197	1817632	549987
1198	1817641	549979
1199	1817660	549957
1200	1817664	549945
1201	1817670	549925
1202	1817686	549877
1203	1817710	549873
1204	1817775	549896
1205	1817782	549898
1206	1817809	549897
1207	1817854	549885
1208	1817867	549881
1209	1817882	549879
1210	1817921	549869
1211	1817965	549861
1212	1818005	549867
1213	1818019	549869
1214	1818055	549887
1215	1818059	549889
1216	1818081	549904
1217	1818107	549929
1218	1818126	549974
1219	1818139	549999
1220	1818142	550007
1221	1818161	550025
1222	1818167	550027
1223	1818174	550033
1224	1818225	550066
1225	1818232	550056
1226	1818229	550052
1227	1818219	550054
1228	1818213	550062
1229	1818218	550059
1230	1818228	550050
1231	1818230	550053
1232	1818232	550055
1233	1818232	550055
1234	1818231	550055
1235	1818232	550055
1236	1818231	550055
1237	1818230	550056
1238	1818230	550055
1239	1818227	550055
1240	1818232	550071
1241	1818235	550082
1242	1818251	550101
1243	1818269	550095
1244	1818318	550057
1245	1818361	550039
1246	1818410	550004
1247	1818443	549972
1248	1818469	549949
1249	1818499	549946
1250	1818533	549925
1251	1818565	549895
1252	1818578	549866
1253	1818609	549821
1254	1818616	549799
1255	1818659	549759
1256	1818672	549757
1257	1818683	549757
1258	1818739	549739
1259	1818784	549725
1260	1818826	549711
1261	1818850	549711
1262	1818873	549712
1263	1818869	549713
1264	1818863	549711
1265	1818863	549711
1266	1818859	549710
1267	1818845	549711
1268	1818843	549719
1269	1818857	549732
1270	1818867	549744
1271	1818873	549754
1272	1818874	549762
1273	1818876	549767
1274	1818880	549785
1275	1818884	549798
1276	1818883	549802
1277	1818877	549813
1278	1818876	549817
1279	1818880	549838
1280	1818875	549854
1281	1818874	549859
1282	1818876	549869
1283	1818880	549869
1284	1818883	549866
1285	1818891	549867
1286	1818901	549868
1287	1818911	549869
1288	1818924	549869
1289	1818926	549869
1290	1818932	549860
1291	1818931	549855
1292	1818932	549847
1293	1818932	549838
1294	1818948	549838
1295	1818949	549845
1296	1818954	549854
1297	1818957	549858
1298	1818962	549864
1299	1818971	549875
1300	1818984	549884
1301	1818994	549892
1302	1818986	549907
1303	1818979	549916
1304	1818970	549912
1305	1818955	549916
1306	1818939	549916
1307	1818913	549910
1308	1818897	549893
1309	1818881	549873
1310	1818875	549866
1311	1818878	549856
1312	1818879	549846
1313	1818878	549825
1314	1818874	549814
1315	1818878	549811
1316	1818875	549792
1317	1818867	549770
1318	1818858	549752
1319	1818846	549731
1320	1818843	549712
1321	1818873	549713
1322	1818873	549715
1323	1818875	549715
1324	1818877	549717
1325	1818877	549719
1326	1818875	549716
1327	1818871	549716
1328	1818845	549711
1329	1818820	549714
1330	1818707	549751
1331	1818691	549756
1332	1818664	549759
1333	1818632	549776
1334	1818618	549793
1335	1818617	549790
1336	1818605	549787
1337	1818585	549785
1338	1818559	549776
1339	1818537	549770
1340	1818530	549771
1341	1818528	549773
1342	1818527	549774
1343	1818523	549778
1344	1818515	549790
1345	1818513	549790
1346	1818507	549791
1347	1818502	549795
1348	1818502	549796
1349	1818500	549799
1350	1818500	549800
1351	1818501	549799
1352	1818501	549797
1353	1818501	549794
1354	1818487	549787
1355	1818482	549784
1356	1818463	549777
1357	1818449	549778
1358	1818429	549780
1359	1818409	549781
1360	1818397	549781
1361	1818395	549785
1362	1818395	549785
1363	1818397	549787
1364	1818397	549792
1365	1818403	549797
1366	1818413	549801
1367	1818417	549800
1368	1818421	549800
1369	1818423	549802
1370	1818430	549804
1371	1818436	549813
1372	1818442	549815
1373	1818445	549818
1374	1818453	549826
1375	1818454	549826
1376	1818457	549828
1377	1818463	549833
1378	1818470	549840
1379	1818470	549840
1380	1818471	549840
1381	1818473	549845
1382	1818475	549847
1383	1818480	549845
1384	1818483	549839
1385	1818490	549833
1386	1818493	549827
1387	1818494	549823
1388	1818503	549820
1389	1818500	549815
1390	1818496	549807
1391	1818498	549799
1392	1818499	549793
1393	1818507	549791
1394	1818528	549793
1395	1818547	549790
1396	1818559	549789
1397	1818571	549789
1398	1818585	549791
1399	1818603	549788
1400	1818624	549785
1401	1818627	549784
1402	1818637	549776
1403	1818640	549770
1404	1818639	549773
1405	1818641	549769
1406	1818652	549763
1407	1818672	549758
1408	1818749	549738
1409	1818796	549723
1410	1818822	549715
1411	1818837	549710
1412	1818863	549713
1413	1818905	549712
1414	1818933	549702
1415	1818955	549695
1416	1818963	549691
1417	1818985	549707
1418	1819023	549705
1419	1819070	549693
1420	1819083	549691
1421	1819096	549690
1422	1819141	549699
1423	1819170	549702
1424	1819205	549721
1425	1819235	549746
1426	1819260	549767
1427	1819302	549793
1428	1819308	549796
1429	1819378	549839
1430	1819417	549866
1431	1819479	549876
1432	1819508	549892
1433	1819527	549912
1434	1819558	549920
1435	1819592	549910
1436	1819623	549917
1437	1819648	549942
1438	1819694	550034
1439	1819704	550047
1440	1819720	550037
1441	1819800	549965
1442	1819864	549920
1443	1819914	549876
1444	1819984	549782
1445	1819993	549767
1446	1820017	549747
1447	1820101	549692
1448	1820210	549604
1449	1820225	549591
1450	1820246	549544
1451	1820224	549477
1452	1820179	549430
1453	1820151	549419
1454	1820038	549424
1455	1819994	549424
1456	1819952	549421
1457	1819926	549403
1458	1819871	549325
1459	1819861	549313
1460	1819852	549317
1461	1819818	549359
1462	1819810	549368
1463	1819793	549374
1464	1819737	549388
1465	1819733	549389
1466	1819734	549391
1467	1819733	549393
1468	1819734	549392
1469	1819749	549384
1470	1819779	549380
1471	1819800	549375
1472	1819805	549384
1473	1819818	549397
1474	1819827	549408
1475	1819838	549418
1476	1819839	549418
1477	1819849	549424
1478	1819863	549432
1479	1819867	549456
1480	1819866	549457
1481	1819865	549463
1482	1819871	549472
1483	1819871	549473
1484	1819868	549483
1485	1819858	549482
1486	1819845	549488
1487	1819839	549489
1488	1819832	549492
1489	1819823	549492
1490	1819820	549491
1491	1819817	549491
1492	1819811	549491
1493	1819793	549497
1494	1819791	549503
1495	1819788	549515
1496	1819787	549516
1497	1819780	549518
1498	1819761	549518
1499	1819756	549514
1500	1819744	549509
1501	1819730	549503
1502	1819723	549497
1503	1819718	549492
1504	1819712	549495
1505	1819700	549498
1506	1819692	549498
1507	1819683	549494
1508	1819678	549493
1509	1819675	549493
1510	1819665	549489
1511	1819658	549491
1512	1819655	549488
1513	1819659	549475
1514	1819661	549469
1515	1819667	549460
1516	1819668	549455
1517	1819674	549442
1518	1819677	549433
1519	1819681	549425
1520	1819681	549423
1521	1819681	549420
1522	1819688	549405
1523	1819689	549402
1524	1819693	549399
1525	1819716	549395
1526	1819724	549393
1527	1819730	549392
1528	1819738	549390
1529	1819737	549390
1530	1819732	549392
1531	1819725	549392
1532	1819709	549395
1533	1819693	549400
1534	1819690	549389
1535	1819689	549371
1536	1819685	549353
1537	1819678	549346
1538	1819671	549336
1539	1819668	549329
1540	1819660	549323
1541	1819656	549316
1542	1819651	549310
1543	1819648	549302
1544	1819655	549297
1545	1819659	549294
1546	1819666	549291
1547	1819672	549290
1548	1819673	549287
1549	1819678	549287
1550	1819686	549287
1551	1819691	549288
1552	1819701	549291
1553	1819711	549297
1554	1819713	549297
1555	1819721	549297
1556	1819728	549300
1557	1819730	549303
1558	1819738	549309
1559	1819746	549315
1560	1819753	549314
1561	1819758	549320
1562	1819759	549319
1563	1819760	549322
1564	1819766	549323
1565	1819771	549326
1566	1819774	549331
1567	1819775	549334
1568	1819782	549331
1569	1819789	549329
1570	1819796	549334
1571	1819803	549338
1572	1819810	549338
1573	1819817	549338
1574	1819825	549341
1575	1819825	549348
1576	1819818	549355
1577	1819815	549360
1578	1819807	549368
1579	1819805	549372
1580	1819778	549378
1581	1819753	549381
1582	1819728	549390
1583	1819730	549395
1584	1819731	549396
1585	1819731	549389
