Pt1,,551468.655,1837926.391,376.866
Pt2,,551468.654,1837926.391,376.865
Pt3,,551470.778,1837907.852,377.621
Pt4,,551470.803,1837907.909,377.620
Pt5,,551470.769,1837907.818,377.706
Pt6,,551470.770,1837907.818,377.698
Pt7,,551477.391,1837895.186,377.756
Pt8,,551477.400,1837895.179,377.755
Pt9,,551483.873,1837859.243,375.431
Pt10,,551483.878,1837859.263,375.420
Pt11,,551462.611,1837852.300,375.680
Pt12,,551462.616,1837852.303,375.718
Pt13,,551452.356,1837851.673,374.721
Pt14,,551452.357,1837851.666,374.714
Pt15,,551452.359,1837851.658,374.708
Pt16,,551452.357,1837851.654,374.695
Pt17,,551452.358,1837851.649,374.683
Pt18,,551452.360,1837851.644,374.668
Pt19,,551452.367,1837851.646,374.664
Pt20,,551451.105,1837867.723,375.483
Pt21,,551451.108,1837867.722,375.479
Pt22,,551451.110,1837867.723,375.473
Pt23,,551444.733,1837870.053,373.239
Pt24,,551444.743,1837870.056,373.235
Pt25,,551444.743,1837870.058,373.221
Pt26,,551444.747,1837870.059,373.215
Pt27,,551444.753,1837870.058,373.206
Pt28,,551444.462,1837874.879,373.236
Pt29,,551444.465,1837874.880,373.225
Pt30,,551444.468,1837874.881,373.209
Pt31,,551445.606,1837885.424,373.647
Pt32,,551445.613,1837885.419,373.630
Pt33,,551445.618,1837885.419,373.643
Pt34,,551445.626,1837885.419,373.649
Pt35,,551450.237,1837893.810,375.253
Pt36,,551450.237,1837893.810,375.261
Pt37,,551450.239,1837893.813,375.255
Pt38,,551450.244,1837893.812,375.247
Pt39,,551450.154,1837899.413,374.723
Pt40,,551450.159,1837899.409,374.701
Pt41,,551450.178,1837899.397,374.686
Pt42,,551450.187,1837899.392,374.683
Pt43,,551453.777,1837919.648,374.536
Pt44,,551453.762,1837919.599,374.529
Pt45,,551455.134,1837925.530,375.238
Pt46,,551455.149,1837925.541,375.238
Pt47,,551455.160,1837925.541,375.240
Pt48,,551455.153,1837925.516,375.232
Pt49,,551455.163,1837925.508,375.229
Pt50,,551468.555,1837926.417,377.082
Pt51,,551468.550,1837926.409,377.081
Pt52,,551468.555,1837926.413,377.074
Pt53,,551468.559,1837926.415,377.076
Pt54,,551473.149,1837902.851,378.104
Pt55,,551473.139,1837902.853,378.091
Pt56,,551462.856,1837902.225,376.890
Pt57,,551462.870,1837902.239,376.914
Pt58,,551462.867,1837902.249,376.916
Pt59,,551552.106,1837958.706,385.113
Pt60,,551552.104,1837958.702,385.102
Pt61,,551548.811,1837967.662,385.154
Pt62,,551548.811,1837967.663,385.161
Pt63,,551548.814,1837967.660,385.155
Pt64,,551261.009,1837431.676,331.587
Pt65,,551261.019,1837431.666,331.579
Pt66,,551261.022,1837431.659,331.586
Pt67,,551273.934,1837423.581,333.074
Pt68,,551273.934,1837423.579,333.071
Pt69,,551281.328,1837421.932,334.766
Pt70,,551281.322,1837421.907,334.738
Pt71,,551291.446,1837421.865,338.641
Pt72,,551291.435,1837421.849,338.637
Pt73,,551296.963,1837419.945,341.185
Pt74,,551296.963,1837419.940,341.176
Pt75,,551313.303,1837407.688,349.451
Pt76,,551313.338,1837407.689,349.444
Pt77,,551312.477,1837402.512,350.454
Pt78,,551312.445,1837402.504,350.455
Pt79,,551308.874,1837397.206,350.072
Pt80,,551301.120,1837376.854,349.402
Pt81,,551301.182,1837376.830,349.403
Pt82,,551290.227,1837343.886,349.277
Pt83,,551290.221,1837343.911,349.269
Pt84,,551290.207,1837343.909,349.267
Pt85,,551290.199,1837343.920,349.272
Pt86,,551279.757,1837344.344,344.410
Pt87,,551279.774,1837344.349,344.403
Pt88,,551279.773,1837344.354,344.401
Pt89,,551262.632,1837350.557,335.413
Pt90,,551262.611,1837350.556,335.415
Pt91,,551262.612,1837350.552,335.417
Pt92,,551259.243,1837351.805,334.374
Pt93,,551259.233,1837351.819,334.369
Pt94,,551251.941,1837357.125,331.793
Pt95,,551251.950,1837357.129,331.791
Pt96,,551231.399,1837370.761,331.522
Pt97,,551231.375,1837370.781,331.520
Pt98,,551231.376,1837370.775,331.518
Pt99,,551220.248,1837378.108,332.588
Pt100,,551220.217,1837378.090,332.582
Pt101,,551248.844,1837415.711,331.335
Pt102,,551248.858,1837415.746,331.325
Pt103,,551248.849,1837415.762,331.318
Pt104,,551338.975,1838530.876,384.899
Pt105,,551338.970,1838530.882,384.899
Pt106,,551338.972,1838530.882,384.906
Pt107,,551333.283,1838527.182,384.305
Pt108,,551333.283,1838527.184,384.306
Pt109,,551333.285,1838527.183,384.308
Pt110,,551317.276,1838547.097,385.122
Pt111,,551317.292,1838547.081,385.104
Pt112,,551323.349,1838549.628,384.923
Pt113,,551323.363,1838549.643,384.918
Pt114,,551323.349,1838549.653,384.921
Pt115,,551323.336,1838549.657,384.941
Pt116,,551323.334,1838549.659,384.924
Pt117,,551323.335,1838549.654,384.925
Pt118,,551323.342,1838549.648,384.915
Pt119,,551323.348,1838549.638,384.922
Pt120,,552025.784,1839976.155,423.155
Pt121,,552025.772,1839976.144,423.145
Pt122,,552002.960,1839973.005,420.772
Pt123,,552002.945,1839973.016,420.850
Pt124,,552002.959,1839973.020,420.859
Pt125,,552006.007,1839961.050,420.601
Pt126,,552006.048,1839961.075,420.569
Pt127,,552026.264,1839964.061,423.644
Pt128,,552026.260,1839964.056,423.641
Pt129,,552026.260,1839964.057,423.639
Pt130,,552026.761,1839964.031,424.803
Pt131,,552026.760,1839964.036,424.798
Pt132,,551599.300,1839603.166,403.486
Pt133,,551599.302,1839603.174,403.481
Pt134,,551599.300,1839603.176,403.480
Pt135,,551606.495,1839604.012,403.658
Pt136,,551606.486,1839603.996,403.656
Pt137,,551606.493,1839603.988,403.654
Pt138,,551613.577,1839604.056,403.467
Pt139,,551613.576,1839604.068,403.462
Pt140,,551615.604,1839580.183,399.710
Pt141,,551615.596,1839580.178,399.707
Pt142,,551615.592,1839580.181,399.713
Pt143,,551608.602,1839580.320,399.281
Pt144,,551608.609,1839580.306,399.286
Pt145,,551605.794,1839559.363,396.661
Pt146,,551605.792,1839559.366,396.663
Pt147,,551604.693,1839563.382,397.404
Pt148,,551604.684,1839563.382,397.411
Pt149,,551601.120,1839575.371,399.558
Pt150,,551601.126,1839575.370,399.554
Pt151,,551601.129,1839575.369,399.552
Pt152,,551601.034,1839575.370,399.371
Pt153,,551601.032,1839575.378,399.373
Pt154,,551601.742,1839581.583,400.605
Pt155,,551601.740,1839581.582,400.608
Pt156,,551158.602,1838664.198,382.947
Pt157,,551158.599,1838664.200,382.950
Pt158,,551158.599,1838664.207,382.948
Pt159,,551153.559,1838676.323,383.002
Pt160,,551153.558,1838676.332,382.994
Pt161,,551151.254,1838678.396,382.836
Pt162,,551148.372,1838679.317,382.611
Pt163,,551129.687,1838675.730,381.144
Pt164,,551129.696,1838675.730,381.145
Pt165,,551148.722,1838679.549,382.535
Pt166,,551137.452,1838655.467,382.238
Pt167,,551137.451,1838655.468,382.237
Pt168,,551137.449,1838655.468,382.232
Pt169,,551435.909,1838743.510,387.159
Pt170,,551435.911,1838743.516,387.164
Pt171,,551444.747,1838747.452,387.022
Pt172,,551444.724,1838747.469,387.024
Pt173,,551457.929,1838726.164,389.779
Pt174,,551457.878,1838726.123,389.768
Pt175,,551457.846,1838726.093,389.791
Pt176,,551457.806,1838726.063,389.822
Pt177,,551457.757,1838726.009,389.820
Pt178,,551457.731,1838725.990,389.818
Pt179,,551448.148,1838722.921,387.289
Pt180,,551448.219,1838723.052,386.820
Pt181,,551448.359,1838723.161,386.296
Pt182,,551448.472,1838723.230,385.991
Pt183,,551389.564,1839656.761,393.772
Pt184,,551407.283,1839652.463,392.913
Pt185,,551407.255,1839652.425,392.917
Pt186,,551413.676,1839658.514,392.110
Pt187,,551413.666,1839658.540,392.108
Pt188,,551420.912,1839668.252,392.205
Pt189,,551420.867,1839668.265,392.211
Pt190,,551408.168,1839688.655,392.794
Pt191,,551408.173,1839688.723,392.795
Pt192,,551399.331,1839686.478,392.657
Pt193,,551399.293,1839686.447,392.653
Pt194,,551384.140,1839689.616,392.924
Pt195,,551384.122,1839689.627,392.912
Pt196,,551379.758,1839705.448,393.899
Pt197,,551379.750,1839705.453,393.896
Pt198,,551370.742,1839724.043,395.095
Pt199,,551370.712,1839724.007,395.097
Pt200,,551370.715,1839724.015,395.102
Pt201,,551357.697,1839726.476,398.256
Pt202,,551357.714,1839726.459,398.254
Pt203,,551330.285,1839715.051,403.532
Pt204,,551330.284,1839715.054,403.514
Pt205,,551330.287,1839715.057,403.519
Pt206,,551317.062,1839702.362,405.055
Pt207,,551317.050,1839702.360,405.049
Pt208,,551343.632,1839685.561,399.559
Pt209,,551343.637,1839685.510,399.559
Pt210,,551368.534,1839669.888,396.251
Pt211,,551368.463,1839669.861,396.284
Pt212,,551352.703,1839677.211,398.157
Pt213,,551352.704,1839677.219,398.151
Pt214,,551345.998,1839679.442,399.038
Pt215,,551345.960,1839679.458,399.041
Pt216,,551389.528,1839656.681,393.748
Pt217,,551389.524,1839656.699,393.749
Pt218,,551392.888,1839654.682,393.400
Pt219,,551392.908,1839654.669,393.390
Pt220,,551405.622,1839648.603,392.764
Pt221,,551405.611,1839648.594,392.757
Pt222,,551403.855,1839642.730,392.088
Pt223,,551403.846,1839642.719,392.089
Pt224,,551398.708,1839627.764,391.379
Pt225,,551398.731,1839627.811,391.374
Pt226,,551385.413,1839612.145,391.255
Pt227,,551385.387,1839612.124,391.255
Pt228,,551377.615,1839610.872,391.268
Pt229,,551377.617,1839610.869,391.267
Pt230,,551377.608,1839610.878,391.256
Pt231,,551366.132,1839615.772,392.043
Pt232,,551366.132,1839615.775,392.041
Pt233,,551366.132,1839615.787,392.034
Pt234,,551351.742,1839630.092,392.266
Pt235,,551351.738,1839630.120,392.260
Pt236,,551343.913,1839628.777,392.020
Pt237,,551343.926,1839628.750,392.021
Pt238,,551336.936,1839594.150,390.221
Pt239,,551336.910,1839594.138,390.222
Pt240,,551319.413,1839591.143,393.808
Pt241,,551319.439,1839591.152,393.811
Pt242,,551317.918,1839593.773,393.508
Pt243,,551317.918,1839593.779,393.509
Pt244,,551317.143,1839617.551,394.205
Pt245,,551317.141,1839617.559,394.207
Pt246,,551317.141,1839617.556,394.198
Pt247,,551318.146,1839638.974,396.085
Pt248,,551318.144,1839638.972,396.073
Pt249,,551322.261,1839650.151,396.776
Pt250,,551322.256,1839650.158,396.759
Pt251,,551322.256,1839650.159,396.754
Pt252,,551852.828,1841037.673,450.086
Pt253,,551852.825,1841037.672,450.083
Pt254,,549839.972,1838284.335,377.009
Pt255,,549839.975,1838284.331,377.011
Pt256,,549845.194,1838297.032,377.838
Pt257,,549845.183,1838297.032,377.834
Pt258,,549848.529,1838312.931,380.266
Pt259,,549848.531,1838312.931,380.264
Pt260,,549848.529,1838312.931,380.265
Pt261,,549848.531,1838312.933,380.263
Pt262,,549848.532,1838312.934,380.263
Pt263,,549832.673,1838321.766,378.679
Pt264,,549832.672,1838321.775,378.676
Pt265,,549829.238,1838294.534,377.260
Pt266,,549829.240,1838294.533,377.271
Pt267,,549829.243,1838294.534,377.282
Pt268,,549829.239,1838294.535,377.278
Pt269,,549824.194,1838297.881,376.157
Pt270,,549824.196,1838297.881,376.163
Pt271,,549806.178,1838336.421,377.119
Pt272,,549806.235,1838336.389,377.133
Pt273,,549819.086,1838292.261,375.012
Pt274,,549819.082,1838292.261,375.007
Pt275,,549824.582,1838289.524,375.836
Pt276,,549824.580,1838289.528,375.829
Pt277,,549780.468,1838306.239,373.655
Pt278,,549780.463,1838306.248,373.668
Pt279,,549788.085,1838325.228,373.980
Pt280,,549788.115,1838325.215,373.982
Pt281,,549791.552,1838342.789,375.298
Pt282,,549791.582,1838342.785,375.295
