p1  1836166.855 545372.838 306.008
p1  1836617.198 545565.863 312.679
p2  1836615.310 545569.311 314.960
p3  1836586.564 545611.779 322.586
p4  1836567.708 545602.301 322.322
p5  1836539.765 545587.727 322.313
p6  1836520.547 545578.325 322.656
p7  1836502.535 545569.729 323.629
p8  1836484.780 545561.006 323.632
p9  1836467.305 545551.350 323.562
p10  1836494.905 545505.028 309.913
p11  1836495.962 545505.625 309.994
p12  1836513.767 545515.538 311.388
p13  1836531.854 545524.352 311.541
p14  1836534.355 545524.086 310.848
p15  1836549.934 545532.352 311.453
p16  1836568.109 545542.641 312.510
p17  1836569.359 545541.360 311.821
p18  1836598.091 545556.745 312.446
p19  1836619.109 545567.126 312.848
p1  1841037.516 551852.223 449.294
p2  1841037.518 551852.225 449.293
