Pt1,,551468.655,1837926.391,376.866
Pt2,,551468.654,1837926.391,376.865
Pt3,,551470.778,1837907.852,377.621
Pt4,,551470.803,1837907.909,377.620
Pt5,,551470.769,1837907.818,377.706
Pt6,,551470.770,1837907.818,377.698
Pt7,,551477.391,1837895.186,377.756
Pt8,,551477.400,1837895.179,377.755
Pt9,,551483.873,1837859.243,375.431
Pt10,,551483.878,1837859.263,375.420
Pt11,,551462.611,1837852.300,375.680
Pt12,,551462.616,1837852.303,375.718
Pt13,,551452.356,1837851.673,374.721
Pt14,,551452.357,1837851.666,374.714
Pt15,,551452.359,1837851.658,374.708
Pt16,,551452.357,1837851.654,374.695
Pt17,,551452.358,1837851.649,374.683
Pt18,,551452.360,1837851.644,374.668
Pt19,,551452.367,1837851.646,374.664
Pt20,,551451.105,1837867.723,375.483
Pt21,,551451.108,1837867.722,375.479
Pt22,,551451.110,1837867.723,375.473
Pt23,,551444.733,1837870.053,373.239
Pt24,,551444.743,1837870.056,373.235
Pt25,,551444.743,1837870.058,373.221
Pt26,,551444.747,1837870.059,373.215
Pt27,,551444.753,1837870.058,373.206
Pt28,,551444.462,1837874.879,373.236
Pt29,,551444.465,1837874.880,373.225
Pt30,,551444.468,1837874.881,373.209
Pt31,,551445.606,1837885.424,373.647
Pt32,,551445.613,1837885.419,373.630
Pt33,,551445.618,1837885.419,373.643
Pt34,,551445.626,1837885.419,373.649
Pt35,,551450.237,1837893.810,375.253
Pt36,,551450.237,1837893.810,375.261
Pt37,,551450.239,1837893.813,375.255
Pt38,,551450.244,1837893.812,375.247
Pt39,,551450.154,1837899.413,374.723
Pt40,,551450.159,1837899.409,374.701
Pt41,,551450.178,1837899.397,374.686
Pt42,,551450.187,1837899.392,374.683
Pt43,,551453.777,1837919.648,374.536
Pt44,,551453.762,1837919.599,374.529
Pt45,,551455.134,1837925.530,375.238
Pt46,,551455.149,1837925.541,375.238
Pt47,,551455.160,1837925.541,375.240
Pt48,,551455.153,1837925.516,375.232
Pt49,,551455.163,1837925.508,375.229
Pt50,,551468.555,1837926.417,377.082
Pt51,,551468.550,1837926.409,377.081
Pt52,,551468.555,1837926.413,377.074
Pt53,,551468.559,1837926.415,377.076
Pt54,,551473.149,1837902.851,378.104
Pt55,,551473.139,1837902.853,378.091
Pt56,,551462.856,1837902.225,376.890
Pt57,,551462.870,1837902.239,376.914
Pt58,,551462.867,1837902.249,376.916
Pt59,,551552.106,1837958.706,385.113
Pt60,,551552.104,1837958.702,385.102
Pt61,,551548.811,1837967.662,385.154
Pt62,,551548.811,1837967.663,385.161
Pt63,,551548.814,1837967.660,385.155
Pt64,,551261.009,1837431.676,331.587
Pt65,,551261.019,1837431.666,331.579
Pt66,,551261.022,1837431.659,331.586
Pt67,,551273.934,1837423.581,333.074
Pt68,,551273.934,1837423.579,333.071
Pt69,,551281.328,1837421.932,334.766
Pt70,,551281.322,1837421.907,334.738
Pt71,,551291.446,1837421.865,338.641
Pt72,,551291.435,1837421.849,338.637
Pt73,,551296.963,1837419.945,341.185
Pt74,,551296.963,1837419.940,341.176
Pt75,,551313.303,1837407.688,349.451
Pt76,,551313.338,1837407.689,349.444
Pt77,,551312.477,1837402.512,350.454
Pt78,,551312.445,1837402.504,350.455
Pt79,,551308.874,1837397.206,350.072
Pt80,,551301.120,1837376.854,349.402
Pt81,,551301.182,1837376.830,349.403
Pt82,,551290.227,1837343.886,349.277
Pt83,,551290.221,1837343.911,349.269
Pt84,,551290.207,1837343.909,349.267
Pt85,,551290.199,1837343.920,349.272
Pt86,,551279.757,1837344.344,344.410
Pt87,,551279.774,1837344.349,344.403
Pt88,,551279.773,1837344.354,344.401
Pt89,,551262.632,1837350.557,335.413
Pt90,,551262.611,1837350.556,335.415
Pt91,,551262.612,1837350.552,335.417
Pt92,,551259.243,1837351.805,334.374
Pt93,,551259.233,1837351.819,334.369
Pt94,,551251.941,1837357.125,331.793
Pt95,,551251.950,1837357.129,331.791
Pt96,,551231.399,1837370.761,331.522
Pt97,,551231.375,1837370.781,331.520
Pt98,,551231.376,1837370.775,331.518
Pt99,,551220.248,1837378.108,332.588
Pt100,,551220.217,1837378.090,332.582
Pt101,,551248.844,1837415.711,331.335
Pt102,,551248.858,1837415.746,331.325
Pt103,,551248.849,1837415.762,331.318
Pt104,,551338.975,1838530.876,384.899
Pt105,,551338.970,1838530.882,384.899
Pt106,,551338.972,1838530.882,384.906
Pt107,,551333.283,1838527.182,384.305
Pt108,,551333.283,1838527.184,384.306
Pt109,,551333.285,1838527.183,384.308
Pt110,,551317.276,1838547.097,385.122
Pt111,,551317.292,1838547.081,385.104
Pt112,,551323.349,1838549.628,384.923
Pt113,,551323.363,1838549.643,384.918
Pt114,,551323.349,1838549.653,384.921
Pt115,,551323.336,1838549.657,384.941
Pt116,,551323.334,1838549.659,384.924
Pt117,,551323.335,1838549.654,384.925
Pt118,,551323.342,1838549.648,384.915
Pt119,,551323.348,1838549.638,384.922
Pt120,,552025.784,1839976.155,423.155
Pt121,,552025.772,1839976.144,423.145
Pt122,,552002.960,1839973.005,420.772
Pt123,,552002.945,1839973.016,420.850
Pt124,,552002.959,1839973.020,420.859
Pt125,,552006.007,1839961.050,420.601
Pt126,,552006.048,1839961.075,420.569
Pt127,,552026.264,1839964.061,423.644
Pt128,,552026.260,1839964.056,423.641
Pt129,,552026.260,1839964.057,423.639
Pt130,,552026.761,1839964.031,424.803
Pt131,,552026.760,1839964.036,424.798
Pt132,,551599.300,1839603.166,403.486
Pt133,,551599.302,1839603.174,403.481
Pt134,,551599.300,1839603.176,403.480
Pt135,,551606.495,1839604.012,403.658
Pt136,,551606.486,1839603.996,403.656
Pt137,,551606.493,1839603.988,403.654
Pt138,,551613.577,1839604.056,403.467
Pt139,,551613.576,1839604.068,403.462
Pt140,,551615.604,1839580.183,399.710
Pt141,,551615.596,1839580.178,399.707
Pt142,,551615.592,1839580.181,399.713
Pt143,,551608.602,1839580.320,399.281
Pt144,,551608.609,1839580.306,399.286
Pt145,,551605.794,1839559.363,396.661
Pt146,,551605.792,1839559.366,396.663
Pt147,,551604.693,1839563.382,397.404
Pt148,,551604.684,1839563.382,397.411
Pt149,,551601.120,1839575.371,399.558
Pt150,,551601.126,1839575.370,399.554
Pt151,,551601.129,1839575.369,399.552
Pt152,,551601.034,1839575.370,399.371
Pt153,,551601.032,1839575.378,399.373
Pt154,,551601.742,1839581.583,400.605
Pt155,,551601.740,1839581.582,400.608
Pt156,,551158.602,1838664.198,382.947
Pt157,,551158.599,1838664.200,382.950
Pt158,,551158.599,1838664.207,382.948
Pt159,,551153.559,1838676.323,383.002
Pt160,,551153.558,1838676.332,382.994
Pt161,,551151.254,1838678.396,382.836
Pt162,,551148.372,1838679.317,382.611
Pt163,,551129.687,1838675.730,381.144
Pt164,,551129.696,1838675.730,381.145
Pt165,,551148.722,1838679.549,382.535
Pt166,,551137.452,1838655.467,382.238
Pt167,,551137.451,1838655.468,382.237
Pt168,,551137.449,1838655.468,382.232
Pt169,,551435.909,1838743.510,387.159
Pt170,,551435.911,1838743.516,387.164
Pt171,,551444.747,1838747.452,387.022
Pt172,,551444.724,1838747.469,387.024
Pt173,,551457.929,1838726.164,389.779
Pt174,,551457.878,1838726.123,389.768
Pt175,,551457.846,1838726.093,389.791
Pt176,,551457.806,1838726.063,389.822
Pt177,,551457.757,1838726.009,389.820
Pt178,,551457.731,1838725.990,389.818
Pt179,,551448.148,1838722.921,387.289
Pt180,,551448.219,1838723.052,386.820
Pt181,,551448.359,1838723.161,386.296
Pt182,,551448.472,1838723.230,385.991
Pt183,,551389.564,1839656.761,393.772
Pt184,,551407.283,1839652.463,392.913
Pt185,,551407.255,1839652.425,392.917
Pt186,,551413.676,1839658.514,392.110
Pt187,,551413.666,1839658.540,392.108
Pt188,,551420.912,1839668.252,392.205
Pt189,,551420.867,1839668.265,392.211
Pt190,,551408.168,1839688.655,392.794
Pt191,,551408.173,1839688.723,392.795
Pt192,,551399.331,1839686.478,392.657
Pt193,,551399.293,1839686.447,392.653
Pt194,,551384.140,1839689.616,392.924
Pt195,,551384.122,1839689.627,392.912
Pt196,,551379.758,1839705.448,393.899
Pt197,,551379.750,1839705.453,393.896
Pt198,,551370.742,1839724.043,395.095
Pt199,,551370.712,1839724.007,395.097
Pt200,,551370.715,1839724.015,395.102
Pt201,,551357.697,1839726.476,398.256
Pt202,,551357.714,1839726.459,398.254
Pt203,,551330.285,1839715.051,403.532
Pt204,,551330.284,1839715.054,403.514
Pt205,,551330.287,1839715.057,403.519
Pt206,,551317.062,1839702.362,405.055
Pt207,,551317.050,1839702.360,405.049
Pt208,,551343.632,1839685.561,399.559
Pt209,,551343.637,1839685.510,399.559
Pt210,,551368.534,1839669.888,396.251
Pt211,,551368.463,1839669.861,396.284
Pt212,,551352.703,1839677.211,398.157
Pt213,,551352.704,1839677.219,398.151
Pt214,,551345.998,1839679.442,399.038
Pt215,,551345.960,1839679.458,399.041
Pt216,,551389.528,1839656.681,393.748
Pt217,,551389.524,1839656.699,393.749
Pt218,,551392.888,1839654.682,393.400
Pt219,,551392.908,1839654.669,393.390
Pt220,,551405.622,1839648.603,392.764
Pt221,,551405.611,1839648.594,392.757
Pt222,,551403.855,1839642.730,392.088
Pt223,,551403.846,1839642.719,392.089
Pt224,,551398.708,1839627.764,391.379
Pt225,,551398.731,1839627.811,391.374
Pt226,,551385.413,1839612.145,391.255
Pt227,,551385.387,1839612.124,391.255
Pt228,,551377.615,1839610.872,391.268
Pt229,,551377.617,1839610.869,391.267
Pt230,,551377.608,1839610.878,391.256
Pt231,,551366.132,1839615.772,392.043
Pt232,,551366.132,1839615.775,392.041
Pt233,,551366.132,1839615.787,392.034
Pt234,,551351.742,1839630.092,392.266
Pt235,,551351.738,1839630.120,392.260
Pt236,,551343.913,1839628.777,392.020
Pt237,,551343.926,1839628.750,392.021
Pt238,,551336.936,1839594.150,390.221
Pt239,,551336.910,1839594.138,390.222
Pt240,,551319.413,1839591.143,393.808
Pt241,,551319.439,1839591.152,393.811
Pt242,,551317.918,1839593.773,393.508
Pt243,,551317.918,1839593.779,393.509
Pt244,,551317.143,1839617.551,394.205
Pt245,,551317.141,1839617.559,394.207
Pt246,,551317.141,1839617.556,394.198
Pt247,,551318.146,1839638.974,396.085
Pt248,,551318.144,1839638.972,396.073
Pt249,,551322.261,1839650.151,396.776
Pt250,,551322.256,1839650.158,396.759
Pt251,,551322.256,1839650.159,396.754
Pt252,,551852.828,1841037.673,450.086
Pt253,,551852.825,1841037.672,450.083
Pt254,,549839.972,1838284.335,377.009
Pt255,,549839.975,1838284.331,377.011
Pt256,,549845.194,1838297.032,377.838
Pt257,,549845.183,1838297.032,377.834
Pt258,,549848.529,1838312.931,380.266
Pt259,,549848.531,1838312.931,380.264
Pt260,,549848.529,1838312.931,380.265
Pt261,,549848.531,1838312.933,380.263
Pt262,,549848.532,1838312.934,380.263
Pt263,,549832.673,1838321.766,378.679
Pt264,,549832.672,1838321.775,378.676
Pt265,,549829.238,1838294.534,377.260
Pt266,,549829.240,1838294.533,377.271
Pt267,,549829.243,1838294.534,377.282
Pt268,,549829.239,1838294.535,377.278
Pt269,,549824.194,1838297.881,376.157
Pt270,,549824.196,1838297.881,376.163
Pt271,,549806.178,1838336.421,377.119
Pt272,,549806.235,1838336.389,377.133
Pt273,,549819.086,1838292.261,375.012
Pt274,,549819.082,1838292.261,375.007
Pt275,,549824.582,1838289.524,375.836
Pt276,,549824.580,1838289.528,375.829
Pt277,,549780.468,1838306.239,373.655
Pt278,,549780.463,1838306.248,373.668
Pt279,,549788.085,1838325.228,373.980
Pt280,,549788.115,1838325.215,373.982
Pt281,,549791.552,1838342.789,375.298
Pt282,,549791.582,1838342.785,375.295
Pt283,,552120.875,1839218.698,401.970
Pt284,,552120.900,1839218.705,401.977
Pt285,,550691.254,1838185.438,383.232
Pt286,,550691.248,1838185.442,383.191
Pt287,,550694.487,1838177.388,383.249
Pt288,,550694.494,1838177.395,383.247
Pt289,,550698.498,1838165.723,382.752
Pt290,,550698.498,1838165.720,382.747
Pt291,,550701.347,1838145.984,382.703
Pt292,,550701.352,1838145.991,382.703
Pt293,,550720.443,1838147.627,382.849
Pt294,,550720.435,1838147.633,382.858
Pt295,,550721.495,1838145.604,382.915
Pt296,,550721.499,1838145.605,382.914
Pt297,,550732.520,1838145.639,382.946
Pt298,,550732.526,1838145.632,382.958
Pt299,,550732.515,1838145.664,382.975
Pt300,,550732.467,1838145.674,383.102
Pt301,,550732.466,1838145.670,383.100
Pt302,,550732.468,1838145.666,383.119
Pt303,,550732.471,1838145.666,383.135
Pt304,,550732.471,1838145.666,383.151
Pt305,,550731.313,1838185.739,383.942
Pt306,,550731.309,1838185.729,383.940
Pt307,,550730.867,1838198.667,384.188
Pt308,,550730.867,1838198.669,384.182
Pt309,,550703.454,1838179.852,382.976
Pt310,,550703.451,1838179.850,382.981
Pt311,,550708.418,1838162.554,382.592
Pt312,,550708.411,1838162.555,382.600
Pt313,,549407.273,1841031.604,491.000
Pt314,,549407.272,1841031.602,491.002
Pt315,,549407.272,1841031.600,490.999
Pt316,,549311.595,1840960.568,479.219
Pt317,,549311.590,1840960.582,479.215
Pt318,,549311.575,1840960.597,479.205
Pt319,,549317.789,1840947.594,478.207
Pt320,,549317.766,1840947.630,478.207
Pt321,,549317.750,1840947.619,478.189
Pt322,,549318.574,1840891.725,470.327
Pt323,,549318.575,1840891.704,470.321
Pt324,,549337.474,1840895.913,475.953
Pt325,,549337.488,1840895.922,475.962
Pt326,,549341.814,1840895.292,476.742
Pt327,,549341.797,1840895.303,476.743
Pt328,,549348.432,1840894.615,477.266
Pt329,,549348.440,1840894.614,477.271
Pt330,,494507.042,1656872.189,439.814
Pt331,,549452.279,1840969.067,488.680
Pt332,,549088.224,1841052.844,502.264
Pt333,,549088.227,1841052.841,502.285
Pt334,,549051.088,1841026.243,497.884
Pt335,,549051.101,1841026.231,497.906
Pt336,,549194.226,1840886.990,480.764
Pt337,,549194.178,1840887.036,480.757
Pt338,,549253.460,1840927.888,484.235
Pt339,,549253.456,1840927.873,484.248
Pt340,,549210.433,1840980.164,490.334
Pt341,,549210.434,1840980.176,490.324
Pt342,,549201.048,1840991.460,491.646
Pt343,,549201.059,1840991.466,491.649
Pt344,,549174.316,1840969.030,490.379
Pt345,,549174.302,1840969.044,490.312
Pt346,,552303.620,1839470.154,394.773
Pt347,,552303.616,1839470.156,394.780
Pt348,,552297.243,1839441.270,393.288
Pt349,,552297.244,1839441.267,393.297
Pt350,,552310.767,1839439.986,391.034
Pt351,,552310.763,1839439.990,391.043
Pt352,,552305.803,1839419.243,387.508
Pt353,,552305.825,1839419.266,387.506
Pt354,,552322.002,1839396.687,376.331
Pt355,,552321.978,1839396.696,376.309
Pt356,,552327.088,1839424.940,385.126
Pt357,,552327.081,1839424.930,385.121
Pt358,,552330.901,1839442.152,390.763
Pt359,,552330.906,1839442.143,390.780
Pt360,,552335.738,1839458.567,392.002
Pt361,,552335.739,1839458.572,392.008
Pt362,,552335.739,1839458.570,392.004
Pt363,,552331.849,1839462.302,392.741
Pt364,,552331.856,1839462.305,392.721
Pt365,,552331.861,1839462.305,392.728
Pt366,,552326.970,1839465.256,393.297
Pt367,,552326.945,1839465.209,393.297
Pt368,,550478.351,1841351.314,477.730
Pt369,,550478.351,1841351.314,477.729
Pt370,,550311.923,1841485.104,484.957
Pt371,,550311.911,1841485.110,484.953
Pt372,,551372.998,1838426.772,378.998
Pt373,,551372.995,1838426.776,378.997
Pt374,,551379.303,1838444.007,380.599
Pt375,,551379.342,1838444.028,380.595
Pt376,,551359.737,1838464.406,381.774
Pt377,,551359.737,1838464.410,381.771
Pt378,,551609.195,1839271.286,402.121
Pt379,,551609.198,1839271.284,402.130
Pt380,,551609.196,1839271.275,402.124
Pt381,,551612.785,1839264.668,402.710
Pt382,,551612.778,1839264.668,402.710
Pt383,,552126.519,1839062.100,387.817
Pt384,,552126.514,1839062.094,387.825
Pt385,,552126.548,1839062.085,387.832
Pt386,,552126.540,1839062.107,387.833
Pt387,,552141.195,1839033.599,389.953
Pt388,,552141.237,1839033.604,389.953
Pt389,,552148.016,1839017.945,389.232
Pt390,,552148.004,1839017.922,389.231
Pt391,,552148.899,1839012.624,389.182
Pt392,,552148.905,1839012.623,389.175
Pt393,,552140.962,1839006.981,390.129
Pt394,,552140.955,1839006.989,390.139
Pt395,,552137.606,1839007.193,390.378
Pt396,,552137.626,1839007.174,390.385
Pt397,,551938.883,1839522.446,404.888
Pt398,,551938.882,1839522.437,404.889
Pt399,,551938.880,1839522.434,404.889
Pt400,,551933.235,1839532.038,403.657
Pt401,,551933.239,1839532.057,403.658
Pt402,,551913.181,1839511.380,404.318
Pt403,,551913.181,1839511.382,404.329
Pt404,,551909.204,1839517.574,404.155
Pt405,,551909.200,1839517.572,404.167
Pt406,,552101.388,1838990.639,394.497
Pt407,,552101.401,1838990.629,394.476
Pt408,,552100.745,1838990.448,397.109
Pt409,,552100.769,1838990.450,396.987
Pt410,,552082.157,1839007.140,397.712
Pt411,,552082.139,1839007.164,397.715
Pt412,,552086.393,1839010.526,397.285
Pt413,,552086.391,1839010.525,397.284
Pt414,,551296.079,1838953.357,387.912
Pt415,,551296.078,1838953.351,387.920
Pt416,,551294.187,1838960.560,388.035
Pt417,,551294.159,1838960.561,388.076
Pt418,,551306.410,1838955.968,390.132
Pt419,,551290.006,1838990.583,388.067
Pt420,,551290.034,1838990.559,388.001
Pt421,,551304.818,1838980.429,390.292
Pt422,,551304.784,1838980.379,390.134
Pt423,,551304.737,1838980.292,389.953
Pt424,,551304.701,1838980.207,389.757
Pt425,,551304.650,1838980.136,389.573
Pt426,,551304.557,1838980.102,389.451
Pt427,,551300.615,1838992.689,392.448
Pt428,,551300.526,1838992.652,392.243
Pt429,,551300.444,1838992.618,392.139
Pt430,,551300.333,1838992.508,391.846
Pt431,,551300.308,1838992.311,391.332
Pt432,,551303.878,1838988.425,391.829
Pt433,,551303.754,1838988.253,391.503
Pt434,,551303.649,1838988.134,391.207
Pt435,,551852.842,1841037.684,450.188
Pt436,,551852.835,1841037.685,450.190
Pt437,,551852.833,1841037.687,450.188
Pt438,,551667.257,1840548.124,425.336
Pt439,,551667.261,1840548.128,425.336
Pt440,,551662.200,1840551.495,425.856
Pt441,,551677.776,1840542.004,424.734
Pt442,,551676.096,1840539.550,425.714
Pt443,,551675.642,1840538.517,425.197
Pt444,,551677.949,1840537.446,425.122
Pt445,,551664.392,1840522.829,428.010
Pt446,,551646.461,1840497.109,432.494
Pt447,,551649.809,1840502.203,431.123
Pt448,,551629.561,1840514.742,431.566
Pt449,,551641.599,1840530.951,428.536
Pt450,,551646.779,1840527.602,428.660
Pt451,,551651.083,1840524.771,428.601
Pt452,,551436.570,1840562.265,445.492
Pt453,,551436.555,1840562.274,445.428
Pt454,,551406.350,1840523.039,444.975
Pt455,,551406.357,1840523.075,444.982
Pt456,,551424.407,1840509.245,444.427
Pt457,,551424.409,1840509.239,444.431
Pt458,,551432.060,1840519.437,445.202
Pt459,,551432.063,1840519.433,445.201
Pt460,,551407.092,1840523.497,442.305
Pt461,,551407.098,1840523.490,442.292
Pt462,,551425.518,1840510.412,442.185
Pt463,,551425.725,1840510.724,442.427
Pt464,,551425.724,1840510.723,442.418
Pt465,,551425.709,1840510.722,442.425
Pt466,,551425.711,1840510.720,442.413
Pt467,,551427.088,1840512.128,442.298
Pt468,,551427.092,1840512.137,442.305
Pt469,,551432.707,1840519.632,442.898
Pt470,,551432.705,1840519.629,442.899
Pt471,,551453.584,1840547.545,442.196
Pt472,,551453.591,1840547.546,442.200
Pt473,,551417.873,1840563.326,443.732
Pt474,,551417.869,1840563.321,443.729
Pt475,,551370.330,1840508.531,442.810
Pt476,,551370.310,1840508.544,442.809
Pt477,,551440.997,1840566.952,441.098
Pt478,,551440.981,1840566.938,441.100
Pt479,,551435.331,1840559.519,442.961
Pt480,,551435.317,1840559.525,442.960
Pt481,,551435.325,1840559.537,442.954
Pt482,,551437.096,1840562.224,442.904
Pt483,,551437.080,1840562.242,442.893
Pt484,,546713.011,1831993.478,382.516
Pt485,,546708.026,1831990.012,382.475
Pt486,,546708.021,1831990.003,382.486
Pt487,,546708.024,1831989.987,382.473
Pt488,,546708.030,1831989.985,382.483
Pt489,,546708.028,1831989.983,382.483
Pt490,,546694.549,1832020.627,378.093
Pt491,,546694.538,1832020.632,378.079
Pt492,,546694.546,1832020.633,378.076
Pt493,,546694.547,1832020.643,378.074
Pt494,,546694.556,1832020.641,378.079
Pt495,,546693.036,1832026.609,377.288
Pt496,,546693.036,1832026.610,377.274
Pt497,,546693.035,1832026.626,377.273
Pt498,,546644.582,1832138.187,358.842
Pt499,,546644.586,1832138.185,358.827
Pt500,,546644.584,1832138.192,358.841
Pt501,,546644.585,1832138.189,358.843
Pt502,,546642.606,1832155.446,356.606
Pt503,,546642.612,1832155.454,356.589
Pt504,,546642.600,1832155.445,356.623
Pt505,,546642.584,1832155.444,356.618
Pt506,,546613.826,1832110.506,351.606
Pt507,,546613.827,1832110.501,351.595
Pt508,,546613.836,1832110.508,351.591
Pt509,,546555.757,1832129.819,342.748
Pt510,,546555.745,1832129.837,342.744
Pt511,,546555.751,1832129.830,342.742
Pt512,,546555.765,1832129.837,342.743
Pt513,,546555.782,1832129.794,342.722
Pt514,,546555.758,1832129.889,342.737
Pt515,,546555.758,1832129.882,342.757
Pt516,,546555.760,1832129.878,342.756
Pt517,,546614.327,1832036.815,374.585
Pt518,,546614.406,1832036.913,374.567
Pt519,,546614.420,1832036.915,374.552
Pt520,,546614.427,1832036.922,374.550
Pt521,,546531.538,1832066.349,360.125
Pt522,,546531.556,1832066.355,360.116
Pt523,,546531.561,1832066.337,360.119
Pt524,,546775.394,1831853.282,385.399
Pt525,,546775.403,1831853.288,385.394
Pt526,,546775.386,1831853.271,385.409
Pt527,,546769.238,1831851.614,385.650
Pt528,,546769.238,1831851.605,385.653
Pt529,,546769.233,1831851.601,385.657
Pt530,,551520.042,1838742.037,388.502
Pt531,,551520.051,1838742.039,388.509
Pt532,,551534.562,1838744.449,388.563
Pt533,,551534.561,1838744.444,388.558
Pt534,,551536.217,1838751.286,387.404
Pt535,,551536.213,1838751.278,387.400
Pt536,,551537.412,1838750.902,387.493
Pt537,,551537.410,1838750.901,387.493
Pt538,,551515.155,1838758.994,388.977
Pt539,,551515.158,1838758.995,388.991
Pt540,,551534.945,1838760.342,386.848
Pt541,,551534.952,1838760.339,386.850
Pt542,,552254.321,1839778.910,404.712
Pt543,,552254.327,1839778.903,404.709
Pt544,,552268.819,1839769.585,395.636
Pt545,,552268.819,1839769.567,395.653
Pt546,,552283.954,1839779.871,393.248
Pt547,,552283.938,1839779.872,393.250
Pt548,,552288.283,1839787.430,391.799
Pt549,,552288.272,1839787.434,391.783
Pt550,,552296.356,1839786.433,386.705
Pt551,,552296.350,1839786.437,386.652
Pt552,,552311.680,1839797.391,386.116
Pt553,,552311.683,1839797.396,386.113
Pt554,,552311.700,1839797.399,386.111
Pt555,,552299.257,1839806.843,393.963
Pt556,,552278.462,1839811.338,399.450
Pt557,,552278.484,1839811.348,399.455
Pt558,,552278.580,1839813.448,399.545
Pt559,,552278.568,1839813.466,399.562
Pt560,,552271.902,1839814.489,400.434
Pt561,,552271.882,1839814.493,400.438
Pt562,,552267.658,1839805.647,400.824
Pt563,,552267.667,1839805.651,400.812
Pt564,,552253.980,1839778.860,403.634
Pt565,,552253.990,1839778.863,403.634
Pt566,,552249.244,1839781.119,406.023
Pt567,,552249.243,1839781.119,406.023
Pt568,,552243.498,1839768.199,406.111
Pt569,,552243.491,1839768.192,406.116
Pt570,,552073.749,1839231.780,407.684
Pt571,,552073.760,1839231.779,407.671
Pt572,,552076.616,1839234.450,407.514
Pt573,,552076.638,1839234.452,407.526
Pt574,,552062.386,1839238.832,407.594
Pt575,,552062.359,1839238.804,407.584
Pt576,,548681.824,1841426.186,504.620
Pt577,,548681.819,1841426.170,504.582
Pt578,,548682.041,1841425.946,504.638
Pt579,,548682.050,1841425.948,504.647
Pt580,,548602.628,1841532.805,508.142
Pt581,,548602.650,1841532.827,508.143
Pt582,,548596.035,1841522.176,507.007
Pt583,,548596.049,1841522.208,507.001
Pt584,,548595.138,1841522.404,506.459
Pt585,,548595.149,1841522.431,506.461
Pt586,,548578.993,1841410.117,499.367
Pt587,,548578.983,1841410.091,499.369
Pt588,,548573.572,1841383.089,495.847
Pt589,,548573.582,1841383.133,495.770
Pt590,,548596.782,1841377.807,495.655
Pt591,,548596.791,1841377.756,495.652
Pt592,,548620.039,1841374.809,494.797
Pt593,,548620.152,1841374.774,494.787
Pt594,,548662.910,1841370.686,496.796
Pt595,,548662.927,1841370.682,496.819
Pt596,,548662.937,1841370.682,496.807
Pt597,,548644.594,1841378.513,496.579
Pt598,,548644.586,1841378.523,496.576
Pt599,,548644.572,1841378.522,496.593
Pt600,,548676.381,1841377.947,500.061
Pt601,,548676.361,1841377.917,499.999
Pt602,,548659.872,1841398.281,501.328
Pt603,,548659.840,1841398.230,501.312
Pt604,,548659.871,1841398.248,501.312
Pt605,,548682.242,1841418.957,504.435
Pt606,,548682.236,1841418.960,504.433
Pt607,,548678.867,1841422.923,504.470
Pt608,,548678.854,1841422.947,504.449
Pt609,,548682.016,1841427.438,504.687
Pt610,,551912.215,1840740.289,442.070
Pt611,,551912.217,1840740.297,442.065
Pt612,,551906.502,1840745.869,443.094
Pt613,,551906.508,1840745.861,443.082
Pt614,,551906.520,1840745.875,443.068
Pt615,,551906.518,1840745.880,443.072
Pt616,,551908.039,1840747.823,442.993
Pt617,,551911.649,1840750.584,442.965
Pt618,,551878.659,1840708.241,437.809
Pt619,,551878.654,1840708.213,437.805
Pt620,,551873.812,1840713.239,438.054
Pt621,,551873.826,1840713.253,438.076
Pt622,,551872.788,1840712.598,437.944
Pt623,,551872.751,1840712.577,437.933
Pt624,,551872.476,1840713.293,438.544
Pt625,,551872.476,1840713.298,438.546
Pt626,,551871.675,1840712.310,438.231
Pt627,,551871.623,1840712.271,438.202
Pt628,,551877.723,1840707.321,438.388
Pt629,,551877.725,1840707.323,438.375
Pt630,,551884.260,1840701.235,437.944
Pt631,,551884.230,1840701.213,437.948
Pt632,,551904.164,1840682.607,437.262
Pt633,,551904.174,1840682.619,437.300
Pt634,,551909.808,1840673.021,435.949
Pt635,,551911.707,1840671.291,436.000
Pt636,,551911.559,1840676.435,436.493
Pt637,,551911.585,1840676.462,436.485
Pt638,,551911.962,1840717.015,440.368
Pt639,,551911.957,1840717.008,440.370
Pt640,,551924.086,1840727.689,441.671
Pt641,,551924.077,1840727.685,441.671
Pt642,,551914.813,1840737.569,442.013
Pt643,,551914.811,1840737.570,442.028
Pt644,,551944.644,1840718.130,440.514
Pt645,,551942.007,1840714.651,440.478
Pt646,,551940.943,1840709.735,440.007
Pt647,,551943.098,1840707.706,439.975
Pt648,,551941.222,1840711.635,440.300
Pt649,,551941.247,1840711.661,440.282
Pt650,,549155.103,1841104.524,501.299
Pt651,,549155.104,1841104.527,501.300
Pt652,,549181.130,1841122.857,499.512
Pt653,,549181.147,1841122.835,499.517
Pt654,,549049.167,1841249.943,513.057
Pt655,,549048.888,1841250.450,512.545
Pt656,,549048.855,1841250.414,512.564
Pt657,,549070.771,1841270.456,514.947
Pt658,,549070.768,1841270.478,514.867
Pt659,,549128.641,1841081.230,501.924
Pt660,,549128.629,1841081.215,501.924
Pt661,,551648.679,1838870.927,395.891
Pt662,,551648.648,1838870.850,396.090
Pt663,,551648.646,1838870.846,396.113
Pt664,,551648.662,1838870.847,396.137
Pt665,,551632.097,1838901.751,401.815
Pt666,,551632.100,1838901.752,401.829
Pt667,,551632.100,1838901.746,401.837
Pt668,,551671.513,1838884.389,395.329
Pt669,,551668.723,1838889.278,395.988
Pt670,,551668.709,1838889.352,395.901
Pt671,,551668.717,1838889.334,395.920
Pt672,,551666.359,1838881.294,395.732
Pt673,,551666.401,1838881.290,395.732
Pt674,,551671.394,1838884.353,395.671
Pt675,,551671.396,1838884.330,395.722
Pt676,,551668.090,1838891.024,395.921
Pt677,,551668.159,1838891.003,395.946
Pt678,,551671.798,1838884.514,395.148
Pt679,,551671.799,1838884.524,395.141
Pt680,,550497.941,1838228.446,379.822
Pt681,,550497.943,1838228.447,379.823
Pt682,,550493.463,1838226.119,378.999
Pt683,,550493.465,1838226.122,379.001
Pt684,,550511.626,1838202.317,382.502
Pt685,,550511.634,1838202.318,382.502
Pt686,,550504.019,1838199.650,382.164
Pt687,,550504.022,1838199.657,382.161
Pt688,,550513.009,1838202.676,382.599
Pt689,,550513.012,1838202.676,382.598
Pt690,,550514.767,1838202.183,382.895
Pt691,,550514.766,1838202.181,382.898
Pt692,,550516.078,1838202.881,383.854
Pt693,,550516.075,1838202.884,383.849
Pt694,,550519.731,1838197.256,382.911
Pt695,,550519.727,1838197.257,382.909
Pt696,,550529.056,1838202.613,382.393
Pt697,,550529.051,1838202.605,382.395
Pt698,,550533.348,1838203.889,382.709
Pt699,,550533.376,1838203.890,382.705
Pt700,,550510.297,1838236.491,379.369
Pt701,,550510.301,1838236.490,379.388
Pt702,,550514.102,1838238.142,379.418
Pt703,,550514.096,1838238.139,379.420
Pt704,,550503.583,1838232.724,379.583
Pt705,,550503.591,1838232.716,379.590
Pt706,,550507.563,1838225.904,380.321
Pt707,,550507.563,1838225.903,380.326
Pt708,,550514.247,1838229.798,379.810
Pt709,,550514.215,1838229.786,379.806
Pt710,,552082.748,1839007.348,394.745
Pt711,,552082.758,1839007.349,394.752
Pt712,,552082.757,1839007.350,394.759
Pt713,,552082.753,1839007.344,394.754
Pt714,,552085.801,1839009.861,394.755
Pt715,,552085.803,1839009.852,394.749
Pt716,,552087.036,1839010.700,394.847
Pt717,,552087.034,1839010.699,394.844
Pt718,,552087.035,1839010.698,394.840
Pt719,,552087.035,1839010.700,394.851
Pt720,,552090.585,1839005.806,396.798
Pt721,,552090.584,1839005.808,396.797
Pt722,,552101.467,1838990.601,394.238
Pt723,,552101.467,1838990.571,394.184
Pt724,,549875.317,1838275.423,378.520
Pt725,,549875.308,1838275.436,378.560
Pt726,,549875.307,1838275.440,378.563
Pt727,,549876.356,1838284.194,379.824
Pt728,,549876.362,1838284.195,379.812
Pt729,,549876.175,1838281.573,379.663
Pt730,,549876.177,1838281.578,379.667
Pt731,,549848.854,1838312.977,380.038
Pt732,,549848.855,1838312.976,380.041
Pt733,,549875.912,1838312.110,381.617
Pt734,,549875.910,1838312.106,381.621
Pt735,,549860.903,1838312.241,380.608
Pt736,,549860.907,1838312.236,380.604
Pt737,,549877.393,1838298.773,380.444
Pt738,,549877.416,1838298.774,380.443
Pt739,,550819.931,1838415.521,368.913
Pt740,,550819.919,1838415.516,368.895
Pt741,,550804.896,1838417.521,369.929
Pt742,,550804.899,1838417.518,369.930
Pt743,,550810.130,1838415.724,369.895
Pt744,,550819.975,1838412.659,369.870
Pt745,,550819.954,1838412.668,369.876
Pt746,,539274.670,1852408.204,551.719
Pt747,,539274.671,1852408.183,551.737
Pt748,,539274.427,1852408.307,551.833
Pt749,,539281.667,1852410.450,551.443
Pt750,,539281.601,1852410.470,551.340
Pt751,,539281.535,1852410.496,551.304
Pt752,,539374.582,1852418.174,525.324
Pt753,,539374.583,1852418.164,525.317
Pt754,,539374.576,1852418.152,525.302
Pt755,,539417.557,1852374.131,517.609
Pt756,,539417.558,1852374.128,517.598
Pt757,,539417.560,1852374.126,517.597
Pt758,,539415.200,1852366.623,516.316
Pt759,,539415.195,1852366.619,516.312
Pt760,,539415.195,1852366.585,516.309
Pt761,,539468.778,1852363.356,517.747
Pt762,,539468.803,1852363.415,518.048
Pt763,,539468.808,1852363.378,518.101
Pt764,,539468.798,1852363.375,518.107
Pt765,,539519.281,1852354.601,518.811
Pt766,,539519.284,1852354.602,518.793
Pt767,,539519.288,1852354.598,518.781
Pt768,,539519.293,1852354.596,518.773
Pt769,,539595.377,1852273.469,511.875
Pt770,,539595.424,1852273.405,511.865
Pt771,,539595.423,1852273.402,511.850
Pt772,,539591.070,1852274.348,511.497
Pt773,,539591.076,1852274.347,511.487
Pt774,,539781.451,1852083.243,516.827
Pt775,,539781.446,1852083.242,516.821
Pt776,,539781.438,1852083.222,516.820
Pt777,,539581.595,1851774.200,613.471
Pt778,,539581.587,1851774.212,613.463
Pt779,,539581.589,1851774.211,613.437
Pt780,,539602.899,1851778.652,603.819
Pt781,,539602.906,1851778.605,603.846
Pt782,,539602.910,1851778.602,603.852
Pt783,,539450.195,1851779.469,622.580
Pt784,,539450.217,1851779.496,622.578
Pt785,,539450.227,1851780.905,623.308
Pt786,,539434.893,1851784.603,620.721
Pt787,,539434.888,1851784.601,620.718
Pt788,,539434.892,1851784.601,620.713
Pt789,,539349.462,1851807.471,626.836
Pt790,,539349.449,1851807.459,626.825
Pt791,,539340.293,1851812.309,628.358
Pt792,,539340.262,1851812.374,628.353
Pt793,,539229.981,1851824.354,627.615
Pt794,,539229.994,1851824.346,627.611
Pt795,,539229.990,1851824.358,627.612
Pt796,,539184.750,1851812.588,608.875
Pt797,,539184.400,1851812.164,598.215
Pt798,,539184.236,1851812.669,598.416
Pt799,,538847.087,1852153.716,545.813
Pt800,,538846.649,1852153.848,543.063
Pt801,,539124.574,1852347.550,523.946
Pt802,,539124.611,1852347.633,523.860
Pt803,,539128.500,1852401.640,549.529
Pt804,,539128.459,1852401.644,549.994
Pt805,,551739.525,1838274.450,383.193
Pt806,,551739.523,1838274.452,383.196
Pt807,,551739.532,1838274.451,383.194
Pt808,,551739.527,1838274.451,383.192
Pt809,,551739.524,1838274.450,383.190
Pt810,,551103.043,1838768.088,376.089
Pt811,,551103.042,1838768.087,376.086
Pt812,,551108.906,1838771.946,376.444
Pt813,,551108.883,1838771.941,376.442
Pt814,,551114.205,1838775.223,376.778
Pt815,,551114.204,1838775.224,376.780
Pt816,,551119.492,1838778.497,377.148
Pt817,,551119.484,1838778.490,377.145
Pt818,,551127.291,1838783.050,377.666
Pt819,,551127.294,1838783.057,377.670
Pt820,,551133.470,1838786.470,378.135
Pt821,,551133.472,1838786.476,378.140
Pt822,,552101.464,1838990.623,394.220
Pt823,,552101.459,1838990.620,394.228
Pt824,,552101.460,1838990.624,394.231
Pt825,,552082.736,1839007.353,395.218
Pt826,,552082.773,1839007.389,395.060
Pt827,,552082.773,1839007.390,395.066
Pt828,,552082.775,1839007.391,395.065
Pt829,,552085.801,1839009.864,395.198
Pt830,,552085.802,1839009.865,395.200
Pt831,,552085.803,1839009.865,395.202
Pt832,,552087.053,1839010.702,395.291
Pt833,,552087.047,1839010.693,395.284
Pt834,,552087.044,1839010.689,395.299
Pt835,,552090.518,1839005.812,395.646
Pt836,,552090.516,1839005.810,395.657
Pt837,,552096.734,1838987.827,395.066
Pt838,,552096.731,1838987.821,395.086
Pt839,,552135.601,1839126.741,394.289
Pt840,,552135.599,1839126.742,394.287
Pt841,,552112.065,1839114.221,393.145
Pt842,,552112.057,1839114.223,393.125
Pt843,,552103.202,1839113.452,392.101
Pt844,,552103.191,1839113.450,392.128
Pt845,,552090.639,1839110.497,390.061
Pt846,,552090.662,1839110.520,390.067
Pt847,,552084.943,1839102.290,389.733
Pt848,,552084.950,1839102.289,389.665
Pt849,,552097.514,1839076.479,388.384
Pt850,,552097.503,1839076.466,388.380
Pt851,,552146.256,1839100.140,394.379
Pt852,,552146.258,1839100.141,394.375
Pt853,,552104.747,1839086.183,394.797
Pt854,,552104.745,1839086.183,394.798
Pt855,,551266.184,1839044.681,386.680
Pt856,,551266.194,1839044.685,386.704
Pt857,,551263.316,1839071.597,386.703
Pt858,,551263.318,1839071.600,386.708
Pt859,,551259.731,1839088.357,386.981
Pt860,,551259.729,1839088.360,386.979
Pt861,,551257.945,1839042.564,385.684
Pt862,,551257.593,1839044.216,385.589
Pt863,,551257.597,1839044.222,385.547
Pt864,,551255.402,1839043.898,385.123
Pt865,,551255.396,1839043.894,385.116
Pt866,,551236.815,1839045.421,384.909
Pt867,,551236.774,1839045.414,384.940
Pt868,,551232.613,1839044.961,384.109
Pt869,,551232.611,1839044.963,384.106
Pt870,,551226.846,1839046.715,382.422
Pt871,,551226.848,1839046.733,382.418
Pt872,,551223.360,1839047.257,381.795
Pt873,,551223.359,1839047.262,381.790
Pt874,,551217.170,1839045.191,378.158
Pt875,,551217.192,1839045.184,378.151
Pt876,,551207.499,1839035.649,377.207
Pt877,,551207.502,1839035.648,377.203
Pt878,,552037.903,1839595.105,410.871
Pt879,,552037.903,1839595.106,410.856
Pt880,,552037.903,1839595.108,410.851
Pt881,,552038.438,1839615.901,411.482
Pt882,,552038.472,1839615.915,411.476
Pt883,,552038.488,1839615.934,411.470
Pt884,,552038.684,1839624.473,411.511
Pt885,,552038.674,1839624.476,411.511
Pt886,,552046.049,1839596.312,411.833
Pt887,,552046.058,1839596.312,411.821
Pt888,,552049.617,1839624.078,412.487
Pt889,,552049.607,1839624.076,412.491
Pt890,,552038.504,1839604.672,410.435
Pt891,,552039.303,1839604.603,410.490
Pt892,,552038.874,1839604.135,410.707
Pt893,,552038.878,1839604.148,410.691
Pt894,,552042.593,1839481.040,414.614
Pt895,,552042.592,1839481.042,414.612
Pt896,,552042.588,1839481.046,414.615
Pt897,,551306.239,1838811.836,389.927
Pt898,,551306.258,1838811.849,389.933
Pt899,,551307.123,1838812.569,389.933
Pt900,,551307.125,1838812.567,389.938
Pt901,,551306.432,1838813.455,389.958
Pt902,,551306.405,1838813.462,389.948
Pt903,,551305.467,1838812.790,389.917
Pt904,,551305.472,1838812.773,389.908
Pt905,,551308.624,1838814.283,389.974
Pt906,,551308.636,1838814.278,389.945
Pt907,,551310.645,1838815.669,390.085
Pt908,,551310.675,1838815.688,390.092
Pt909,,552084.058,1839246.532,405.207
Pt910,,552084.058,1839246.537,405.202
Pt911,,552079.897,1839239.648,405.064
Pt912,,552079.857,1839239.663,405.062
Pt913,,552079.954,1839239.625,405.050
Pt914,,552079.952,1839239.629,405.048
Pt915,,552076.643,1839234.416,406.685
Pt916,,552076.636,1839234.417,406.650
Pt917,,552061.210,1839353.208,413.681
Pt918,,552061.214,1839353.223,413.679
Pt919,,552061.217,1839353.219,413.675
Pt920,,552075.849,1839349.499,415.067
Pt921,,552075.852,1839349.512,415.067
Pt922,,549191.962,1840882.129,480.170
Pt923,,549191.934,1840882.117,480.183
Pt924,,549154.094,1840854.399,475.621
Pt925,,549154.121,1840854.408,475.626
Pt926,,549051.786,1841016.261,496.474
Pt927,,549051.784,1841016.260,496.479
Pt928,,549013.277,1840986.454,489.466
Pt929,,549013.291,1840986.485,489.474
Pt930,,551675.940,1838617.335,396.246
Pt931,,551675.939,1838617.337,396.228
Pt932,,551675.935,1838617.337,396.234
Pt933,,551675.943,1838617.342,396.240
Pt934,,551671.770,1838628.871,398.526
Pt935,,551671.774,1838628.869,398.525
Pt936,,551682.579,1838646.869,396.340
Pt937,,551682.582,1838646.833,396.314
Pt938,,551682.575,1838646.835,396.310
Pt939,,551680.009,1838647.227,396.595
Pt940,,551680.005,1838647.238,396.602
Pt941,,551673.700,1838644.967,397.242
Pt942,,551673.687,1838644.974,397.232
Pt943,,551665.405,1838640.270,397.827
Pt944,,551665.400,1838640.266,397.829
Pt945,,551658.448,1838634.715,398.333
Pt946,,551658.449,1838634.713,398.335
Pt947,,551655.066,1838631.681,398.658
Pt948,,551655.063,1838631.679,398.579
Pt949,,551649.546,1838626.924,399.293
Pt950,,551649.534,1838626.857,399.302
Pt951,,551649.532,1838626.863,399.304
Pt952,,551649.527,1838626.854,399.297
Pt953,,551651.931,1838628.807,399.122
Pt954,,551649.003,1838617.352,400.452
Pt955,,551649.007,1838617.355,400.444
Pt956,,551649.037,1838617.187,399.463
Pt957,,551649.042,1838617.192,399.472
Pt958,,551643.970,1838616.871,400.381
Pt959,,551643.992,1838616.869,400.344
Pt960,,551639.057,1838616.075,401.004
Pt961,,551639.052,1838616.067,401.015
Pt962,,551629.479,1838617.349,399.395
Pt963,,551629.511,1838617.399,399.400
Pt964,,549885.761,1841818.773,514.099
Pt965,,549885.755,1841818.777,514.092
Pt966,,549885.749,1841818.777,514.092
Pt967,,549857.331,1841788.376,513.286
Pt968,,549857.333,1841788.374,513.286
Pt969,,549863.069,1841780.943,512.937
Pt970,,549863.087,1841780.946,512.945
Pt971,,551166.219,1839219.041,381.743
Pt972,,551166.221,1839219.042,381.748
Pt973,,551172.606,1839216.281,380.618
Pt974,,551172.625,1839216.296,380.580
Pt975,,551173.442,1839216.386,380.635
Pt976,,551172.204,1839210.250,379.588
Pt977,,551171.949,1839205.848,379.505
Pt978,,551179.959,1839187.446,377.710
Pt979,,551179.956,1839187.442,377.711
Pt980,,551170.100,1839189.803,377.797
Pt981,,551170.083,1839189.802,377.789
Pt982,,551187.011,1839203.206,377.943
Pt983,,551187.034,1839203.212,377.937
Pt984,,551186.795,1839216.374,378.215
Pt985,,551186.811,1839216.378,378.193
Pt986,,551177.466,1839235.309,378.581
Pt987,,551177.466,1839235.308,378.572
Pt988,,551167.487,1839234.791,380.355
Pt989,,551167.485,1839234.793,380.344
Pt990,,551172.280,1839218.081,380.895
Pt991,,551172.286,1839218.088,380.895
Pt992,,551165.197,1839223.265,381.555
Pt993,,551165.195,1839223.266,381.560
Pt994,,551163.651,1839228.390,381.642
Pt995,,551163.651,1839228.361,381.644
Pt996,,551163.643,1839228.343,381.651
Pt997,,551160.107,1839240.498,381.405
Pt998,,551160.106,1839240.498,381.405
Pt999,,551156.722,1839246.283,381.404
Pt1000,,551156.720,1839246.281,381.391
Pt1001,,551154.947,1839250.941,381.326
Pt1002,,551154.958,1839250.943,381.341
Pt1003,,551152.698,1839261.015,381.359
Pt1004,,551152.704,1839261.012,381.368
Pt1005,,551152.864,1839261.016,381.102
Pt1006,,551151.373,1839273.033,380.933
Pt1007,,551151.372,1839273.037,380.933
Pt1008,,551163.191,1839271.713,380.655
Pt1009,,551163.232,1839271.696,380.659
Pt1010,,551434.519,1839642.751,394.304
Pt1011,,551434.526,1839642.748,394.280
Pt1012,,551415.340,1839649.368,392.943
Pt1013,,551415.355,1839649.366,392.951
Pt1014,,551410.078,1839651.750,392.285
Pt1015,,551410.094,1839651.788,392.295
Pt1016,,551421.174,1839666.524,391.592
Pt1017,,551421.176,1839666.518,391.587
Pt1018,,551410.124,1839691.632,392.230
Pt1019,,551410.139,1839691.605,392.231
Pt1020,,551410.160,1839691.599,392.224
Pt1021,,551436.111,1839691.817,397.803
Pt1022,,551436.102,1839691.812,397.800
Pt1023,,551436.107,1839691.813,397.793
Pt1024,,551422.612,1839665.125,392.634
Pt1025,,551422.612,1839665.148,392.632
Pt1026,,551437.726,1839654.741,394.698
Pt1027,,551437.726,1839654.747,394.647
Pt1028,,551437.735,1839654.759,394.643
Pt1029,,551439.258,1839660.663,394.898
Pt1030,,551439.273,1839660.665,394.902
Pt1031,,551435.189,1839669.016,395.599
Pt1032,,551435.189,1839669.019,395.599
Pt1033,,549146.704,1841899.725,545.068
Pt1034,,549146.721,1841899.744,545.063
Pt1035,,549146.718,1841899.753,545.065
Pt1036,,549159.471,1841886.492,545.098
Pt1037,,549159.467,1841886.512,545.102
Pt1038,,549157.262,1841882.566,545.278
Pt1039,,549157.233,1841882.512,545.271
Pt1040,,549163.570,1841869.411,546.470
Pt1041,,549163.571,1841869.409,546.476
Pt1042,,549168.265,1841861.840,546.466
Pt1043,,549168.260,1841861.837,546.466
Pt1044,,549171.756,1841859.278,545.908
Pt1045,,549171.754,1841859.263,545.906
Pt1046,,549207.676,1841843.941,539.113
Pt1047,,549207.686,1841843.942,539.102
Pt1048,,549218.630,1841850.870,534.881
Pt1049,,549218.667,1841850.844,534.855
Pt1050,,549244.347,1841863.775,525.424
Pt1051,,549244.302,1841863.818,525.478
Pt1052,,549268.290,1841876.709,515.378
Pt1053,,549268.238,1841876.730,515.389
Pt1054,,549287.254,1841877.716,508.141
Pt1055,,549287.218,1841877.742,508.154
Pt1056,,549287.225,1841877.726,508.171
Pt1057,,549292.379,1841866.703,508.841
Pt1058,,549292.382,1841866.700,508.838
Pt1059,,549292.379,1841866.697,508.826
Pt1060,,549297.844,1841866.579,505.862
Pt1061,,549297.991,1841866.699,505.828
Pt1062,,549316.223,1841865.530,500.304
Pt1063,,549316.265,1841865.536,500.297
Pt1064,,549334.442,1841872.901,495.495
Pt1065,,549334.438,1841872.891,495.497
Pt1066,,549317.949,1841893.965,495.760
Pt1067,,549318.422,1841893.911,496.358
Pt1068,,549324.887,1841898.130,502.206
Pt1069,,549324.907,1841898.122,502.189
Pt1070,,549326.692,1841902.327,505.240
Pt1071,,549326.692,1841902.324,505.235
Pt1072,,549332.834,1841902.466,505.806
Pt1073,,549332.763,1841902.524,505.766
Pt1074,,549337.505,1841908.083,506.604
Pt1075,,549337.511,1841908.078,506.581
Pt1076,,549339.188,1841918.869,508.762
Pt1077,,549339.754,1841919.542,509.315
Pt1078,,549339.644,1841919.685,509.291
Pt1079,,549334.189,1841928.567,513.877
Pt1080,,549334.221,1841928.569,513.865
Pt1081,,549334.443,1841933.035,514.637
Pt1082,,549334.537,1841933.282,514.920
Pt1083,,549331.202,1841947.343,517.039
Pt1084,,549331.141,1841947.323,517.044
Pt1085,,549328.336,1841962.778,519.666
Pt1086,,549328.329,1841962.777,519.666
Pt1087,,549331.404,1841981.558,522.743
Pt1088,,549332.639,1841982.540,523.363
Pt1089,,549332.678,1841982.519,523.371
Pt1090,,549332.752,1841982.534,523.255
Pt1091,,549332.773,1841982.534,523.270
Pt1092,,549360.271,1842000.173,525.772
Pt1093,,549360.044,1842000.290,525.377
Pt1094,,549379.936,1841978.290,522.446
Pt1095,,549379.915,1841978.246,522.441
Pt1096,,549396.919,1841958.773,517.475
Pt1097,,549396.935,1841958.772,517.464
Pt1098,,549420.237,1841932.898,514.564
Pt1099,,549420.262,1841932.878,515.053
Pt1100,,549438.158,1841908.389,509.838
Pt1101,,549438.188,1841908.395,509.822
Pt1102,,549459.133,1841882.382,509.381
Pt1103,,549459.157,1841882.375,509.373
Pt1104,,549479.379,1841856.901,510.059
Pt1105,,549479.382,1841856.907,510.055
Pt1106,,549497.011,1841835.540,510.293
Pt1107,,549497.001,1841835.583,510.287
Pt1108,,549470.946,1841813.187,505.173
Pt1109,,549470.895,1841813.233,505.176
Pt1110,,549470.910,1841813.250,505.170
Pt1111,,549458.558,1841802.835,502.567
Pt1112,,549458.542,1841802.946,502.541
Pt1113,,549471.175,1841785.073,502.688
Pt1114,,549471.156,1841785.068,502.673
Pt1115,,549489.344,1841762.519,502.132
Pt1116,,549489.151,1841762.461,502.197
Pt1117,,549469.277,1841749.144,498.184
Pt1118,,549469.303,1841749.140,498.177
Pt1119,,549451.787,1841738.974,494.100
Pt1120,,549451.799,1841738.959,494.111
Pt1121,,549447.459,1841750.133,493.535
Pt1122,,549447.513,1841750.074,493.541
Pt1123,,549428.380,1841784.501,492.926
Pt1124,,549428.829,1841784.023,492.904
Pt1125,,549416.748,1841772.702,489.377
Pt1126,,549416.831,1841772.533,489.669
Pt1127,,549417.110,1841772.461,489.637
Pt1128,,549402.339,1841760.264,481.658
Pt1129,,549402.347,1841760.264,481.654
Pt1130,,549396.016,1841783.859,482.045
Pt1131,,549395.862,1841784.040,482.032
Pt1132,,549395.661,1841810.988,486.548
Pt1133,,549395.727,1841810.844,486.765
Pt1134,,549395.668,1841810.701,486.818
Pt1135,,549418.320,1841822.136,494.960
Pt1136,,549419.190,1841821.759,494.808
Pt1137,,549419.349,1841821.617,494.913
Pt1138,,549377.421,1841854.454,491.107
Pt1139,,549377.653,1841854.432,491.153
Pt1140,,549360.145,1841851.254,492.260
Pt1141,,549363.103,1841850.185,490.928
Pt1142,,549371.035,1841839.989,488.286
Pt1143,,549371.170,1841840.079,488.208
Pt1144,,549371.036,1841840.065,488.126
Pt1145,,549371.087,1841840.030,488.099
Pt1146,,549340.277,1841843.611,496.047
Pt1147,,549340.246,1841843.293,495.780
Pt1148,,549294.259,1841858.319,508.888
Pt1149,,549291.536,1841850.456,509.306
Pt1150,,549291.534,1841850.429,509.328
Pt1151,,549291.501,1841850.386,509.307
Pt1152,,549291.046,1841840.788,511.375
Pt1153,,549291.066,1841840.794,511.364
Pt1154,,549282.287,1841835.443,516.702
Pt1155,,549282.280,1841835.450,516.700
Pt1156,,549260.669,1841817.368,526.787
Pt1157,,549260.653,1841817.388,526.769
Pt1158,,549246.716,1841807.765,533.972
Pt1159,,549246.480,1841807.246,533.824
Pt1160,,549238.980,1841811.462,535.215
Pt1161,,549239.052,1841811.442,535.175
Pt1162,,549232.340,1841824.127,536.145
Pt1163,,549231.777,1841824.773,536.508
Pt1164,,549214.207,1841813.673,545.463
Pt1165,,549214.144,1841813.802,545.476
Pt1166,,549200.312,1841823.674,545.581
Pt1167,,549200.341,1841823.680,545.572
Pt1168,,549182.136,1841816.166,549.654
Pt1169,,549182.159,1841816.121,549.682
Pt1170,,549166.409,1841829.612,550.659
Pt1171,,549166.311,1841829.615,550.681
Pt1172,,549154.037,1841845.899,550.551
Pt1173,,549154.857,1841845.706,550.405
Pt1174,,549137.186,1841865.867,549.103
Pt1175,,549137.191,1841865.933,549.096
Pt1176,,549869.694,1841772.735,512.599
Pt1177,,549869.694,1841772.737,512.585
Pt1178,,549869.694,1841772.748,512.580
Pt1179,,549866.423,1841776.350,512.771
Pt1180,,549866.400,1841776.347,512.763
Pt1181,,549863.080,1841780.950,513.099
Pt1182,,549857.468,1841788.370,513.511
Pt1183,,549837.087,1841766.610,511.527
Pt1184,,549837.080,1841766.621,511.523
Pt1185,,549846.985,1841754.939,511.517
Pt1186,,549846.987,1841754.945,511.526
Pt1187,,549876.233,1841832.316,515.099
Pt1188,,549876.221,1841832.310,515.111
Pt1189,,549876.227,1841832.308,515.092
Pt1190,,549845.547,1841799.553,513.696
Pt1191,,549845.547,1841799.560,513.695
Pt1192,,549845.863,1841857.265,516.168
Pt1193,,549845.862,1841857.271,516.165
Pt1194,,549817.413,1841823.550,514.459
Pt1195,,549817.401,1841823.536,514.466
Pt1196,,549817.395,1841823.600,514.462
Pt1197,,549817.377,1841823.707,514.451
Pt1198,,551437.090,1837336.355,344.827
Pt1199,,551436.994,1837337.223,344.665
Pt1200,,551436.991,1837337.237,344.670
Pt1201,,551453.639,1837327.591,345.885
Pt1202,,551453.653,1837327.572,345.876
Pt1203,,551465.004,1837317.622,346.226
Pt1204,,551465.028,1837317.628,346.221
Pt1205,,551484.667,1837323.811,340.836
Pt1206,,551484.658,1837323.797,340.826
Pt1207,,551467.397,1837348.241,340.342
Pt1208,,551467.394,1837348.255,340.346
Pt1209,,551266.866,1838735.744,387.684
Pt1210,,551266.867,1838735.744,387.686
Pt1211,,551266.863,1838735.740,387.691
Pt1212,,551256.462,1838760.852,387.533
Pt1213,,551256.494,1838760.856,387.480
Pt1214,,551256.479,1838760.851,387.542
Pt1215,,551256.462,1838760.847,387.530
Pt1216,,551261.658,1838764.075,387.699
Pt1217,,551261.656,1838764.070,387.701
Pt1218,,551298.186,1838767.823,390.273
Pt1219,,551297.911,1838767.975,391.019
Pt1220,,551297.754,1838768.072,391.396
Pt1221,,551297.651,1838768.117,391.644
Pt1222,,551297.503,1838768.100,391.600
Pt1223,,551302.090,1838755.799,392.862
Pt1224,,551302.282,1838755.661,392.960
Pt1225,,551302.511,1838755.547,392.913
Pt1226,,551302.838,1838755.521,392.510
Pt1227,,551295.760,1838753.097,381.234
Pt1228,,551301.248,1838753.553,392.897
Pt1229,,551301.130,1838753.357,392.944
Pt1230,,551301.098,1838753.168,392.989
Pt1231,,551298.427,1838750.434,392.465
Pt1232,,551298.385,1838750.315,391.866
Pt1233,,551298.328,1838750.246,391.459
Pt1234,,551292.737,1838747.515,390.394
Pt1235,,551292.807,1838747.562,390.097
Pt1236,,551292.829,1838747.611,390.051
Pt1237,,551283.016,1838742.280,388.749
Pt1238,,551283.028,1838742.081,388.682
Pt1239,,551283.038,1838741.930,388.706
Pt1240,,551269.699,1838736.294,389.207
Pt1241,,551269.709,1838736.265,389.040
Pt1242,,551269.752,1838736.230,388.722
Pt1243,,551268.703,1838736.399,387.797
Pt1244,,551268.696,1838736.399,387.792
Pt1245,,551277.113,1838740.070,388.467
Pt1246,,551277.119,1838740.058,388.439
Pt1247,,551291.807,1838747.692,389.705
Pt1248,,551291.822,1838747.689,389.706
Pt1249,,551296.932,1838750.475,390.276
Pt1250,,551296.934,1838750.477,390.272
Pt1251,,551295.717,1838756.921,390.278
Pt1252,,551295.722,1838756.914,390.267
Pt1253,,551295.736,1838756.908,390.266
Pt1254,,551295.740,1838756.902,390.262
Pt1255,,551302.662,1838755.709,390.761
Pt1256,,551302.657,1838755.703,390.757
Pt1257,,551302.659,1838755.702,390.737
Pt1258,,551297.272,1838767.823,390.346
Pt1259,,551297.302,1838767.841,390.366
Pt1260,,551288.765,1838780.261,389.931
Pt1261,,551288.767,1838780.268,389.932
Pt1262,,551288.769,1838780.274,389.918
Pt1263,,551288.767,1838780.272,389.920
Pt1264,,551286.139,1838779.153,389.686
Pt1265,,551286.147,1838779.145,389.692
Pt1266,,550589.288,1838054.578,382.500
Pt1267,,550589.287,1838054.575,382.504
Pt1268,,550588.738,1838048.607,382.531
Pt1269,,550588.755,1838048.560,382.496
Pt1270,,550576.419,1838048.804,382.647
Pt1271,,550576.418,1838048.806,382.646
Pt1272,,550570.366,1838048.955,382.359
Pt1273,,550570.371,1838048.955,382.366
Pt1274,,550570.304,1838041.975,382.345
Pt1275,,550570.302,1838041.975,382.347
Pt1276,,550570.301,1838041.974,382.350
Pt1277,,550564.301,1838042.562,381.849
Pt1278,,550564.318,1838042.559,381.858
Pt1279,,550564.327,1838042.553,381.859
Pt1280,,551428.295,1839000.359,399.370
Pt1281,,551428.298,1839000.356,399.373
Pt1282,,551417.275,1838999.112,399.320
Pt1283,,551417.277,1838999.113,399.303
Pt1284,,551417.271,1838999.112,399.288
Pt1285,,551411.628,1839028.230,399.651
Pt1286,,551411.629,1839028.237,399.645
Pt1287,,551411.625,1839028.237,399.632
Pt1288,,551412.958,1839021.337,399.688
Pt1289,,551412.961,1839021.321,399.693
Pt1290,,551421.452,1839031.952,400.556
Pt1291,,551421.452,1839031.951,400.552
Pt1292,,551417.437,1839030.430,400.071
Pt1293,,551417.440,1839030.426,400.074
Pt1294,,551422.515,1839028.370,400.264
Pt1295,,551422.521,1839028.368,400.253
Pt1296,,551428.385,1839000.341,399.311
Pt1297,,551428.379,1839000.344,399.311
Pt1298,,551897.794,1840703.627,438.162
Pt1299,,551897.455,1840703.831,438.234
Pt1300,,551897.444,1840703.844,438.232
Pt1301,,551903.396,1840698.026,438.028
Pt1302,,551903.397,1840698.047,438.091
Pt1303,,551903.402,1840698.109,438.092
Pt1304,,551929.490,1840720.783,440.647
Pt1305,,551929.506,1840720.787,440.649
Pt1306,,551929.493,1840720.792,440.652
Pt1307,,551926.803,1840719.163,440.257
Pt1308,,551926.798,1840719.161,440.255
Pt1309,,551915.951,1840720.449,441.816
Pt1310,,551915.960,1840720.454,441.804
Pt1311,,551915.963,1840720.449,441.813
Pt1312,,550758.225,1838383.275,375.317
Pt1313,,550758.232,1838383.280,375.330
Pt1314,,550758.225,1838383.279,375.318
Pt1315,,550763.938,1838383.991,375.409
Pt1316,,550763.947,1838383.991,375.400
Pt1317,,550763.952,1838383.995,375.408
Pt1318,,550755.147,1838408.017,370.472
Pt1319,,550755.111,1838408.017,370.486
Pt1320,,550755.101,1838408.026,370.480
Pt1321,,550761.434,1838416.631,366.965
Pt1322,,550761.445,1838416.631,366.940
Pt1323,,550753.776,1838416.087,370.073
Pt1324,,550753.782,1838416.093,370.081
Pt1325,,550760.931,1838408.855,371.148
Pt1326,,550760.970,1838408.847,371.133
Pt1327,,552149.452,1839014.320,386.300
Pt1328,,552149.438,1839014.301,386.296
Pt1329,,552148.386,1839014.341,386.097
Pt1330,,552148.394,1839014.343,386.106
Pt1331,,552148.435,1839012.216,386.475
Pt1332,,552148.413,1839012.184,386.474
Pt1333,,552149.515,1839012.833,386.278
Pt1334,,552149.521,1839012.829,386.295
Pt1335,,552148.616,1839019.964,386.252
Pt1336,,552148.615,1839019.984,386.257
Pt1337,,552147.422,1839020.914,386.381
Pt1338,,552147.409,1839020.888,386.374
Pt1339,,552149.957,1839021.831,386.493
Pt1340,,552149.927,1839021.825,386.483
Pt1341,,552150.900,1839022.643,386.786
Pt1342,,552150.883,1839022.645,386.802
Pt1343,,552141.776,1839034.241,386.924
Pt1344,,552141.779,1839034.235,386.941
Pt1345,,552144.221,1839035.308,387.246
Pt1346,,552144.193,1839035.313,387.238
Pt1347,,552130.653,1839054.006,386.821
Pt1348,,552130.657,1839053.996,386.818
Pt1349,,552132.584,1839055.623,387.355
Pt1350,,552132.719,1839055.789,387.295
Pt1351,,552132.704,1839055.811,387.290
Pt1352,,552243.437,1839768.252,405.846
Pt1353,,552243.415,1839768.239,405.796
Pt1354,,552240.974,1839762.544,405.967
Pt1355,,552240.981,1839762.537,405.963
Pt1356,,552240.979,1839762.542,405.959
Pt1357,,552249.277,1839781.232,405.418
Pt1358,,552249.279,1839781.233,405.422
Pt1359,,552265.046,1839805.545,403.506
Pt1360,,552265.040,1839805.573,403.500
Pt1361,,552262.241,1839806.521,403.869
Pt1362,,552262.244,1839806.525,403.864
Pt1363,,552271.133,1839814.370,400.688
Pt1364,,552267.916,1839805.630,401.063
Pt1365,,551903.144,1840698.478,438.524
Pt1366,,551903.136,1840698.405,438.492
Pt1367,,551903.156,1840698.422,438.470
Pt1368,,551903.315,1840698.590,438.238
Pt1369,,551900.243,1840701.199,438.035
Pt1370,,551900.219,1840701.193,438.051
Pt1371,,551900.229,1840701.182,438.037
Pt1372,,551898.864,1840702.582,438.073
Pt1373,,551898.867,1840702.592,438.079
Pt1374,,551898.289,1840704.153,438.109
Pt1375,,551898.292,1840704.151,438.100
Pt1376,,551898.289,1840704.148,438.112
Pt1377,,551920.621,1840714.141,441.789
Pt1378,,551920.621,1840714.136,441.791
Pt1379,,551913.865,1840718.258,441.771
Pt1380,,551913.863,1840718.261,441.787
Pt1381,,551913.865,1840718.259,441.784
Pt1382,,551913.870,1840718.260,441.776
Pt1383,,551895.181,1839248.819,413.095
Pt1384,,551895.183,1839248.820,413.090
Pt1385,,551895.193,1839248.817,413.084
Pt1386,,551892.207,1839254.041,413.220
Pt1387,,551892.217,1839254.042,413.230
Pt1388,,551892.205,1839254.032,413.232
Pt1389,,551914.033,1839264.175,417.214
Pt1390,,551914.026,1839264.177,417.193
Pt1391,,551914.019,1839264.165,417.192
Pt1392,,552355.977,1839629.235,395.211
Pt1393,,552356.041,1839629.245,395.208
Pt1394,,552371.556,1839631.008,391.029
Pt1395,,552371.590,1839631.000,391.039
Pt1396,,552379.477,1839631.723,387.841
Pt1397,,552379.631,1839631.986,387.955
Pt1398,,552379.602,1839631.653,387.887
Pt1399,,552354.523,1839629.824,392.888
Pt1400,,552354.543,1839629.760,392.868
Pt1401,,552351.274,1839631.686,394.814
Pt1402,,552351.279,1839631.690,394.813
Pt1403,,552345.982,1839637.382,396.444
Pt1404,,552345.987,1839637.376,396.434
Pt1405,,552344.511,1839638.375,396.988
Pt1406,,552344.495,1839638.394,396.987
Pt1407,,552332.675,1839642.402,399.412
Pt1408,,552332.605,1839642.432,399.407
Pt1409,,552339.888,1839640.820,398.180
Pt1410,,552339.903,1839640.790,398.184
Pt1411,,552341.989,1839639.887,397.682
Pt1412,,552342.007,1839639.879,397.656
Pt1413,,552332.486,1839642.461,399.465
Pt1414,,552332.474,1839642.459,399.462
Pt1415,,552332.507,1839641.624,399.533
Pt1416,,552332.513,1839641.628,399.534
Pt1417,,552333.694,1839642.286,399.044
Pt1418,,552333.693,1839642.287,399.048
Pt1419,,552331.390,1839629.071,400.073
Pt1420,,552331.400,1839629.070,400.086
Pt1421,,552333.884,1839616.247,400.399
Pt1422,,552333.897,1839616.251,400.431
Pt1423,,552332.069,1839615.918,400.519
Pt1424,,552377.402,1839620.094,390.399
Pt1425,,552377.399,1839620.095,390.376
Pt1426,,552377.412,1839620.093,390.371
Pt1427,,552377.446,1839620.083,390.369
Pt1428,,552371.988,1839607.837,394.732
Pt1429,,552372.008,1839607.878,394.732
Pt1430,,552371.082,1839606.055,395.543
Pt1431,,552371.085,1839606.048,395.542
Pt1432,,552371.088,1839606.064,395.549
Pt1433,,552369.737,1839606.423,395.417
Pt1434,,552369.763,1839606.395,395.413
Pt1435,,552367.153,1839607.289,395.276
Pt1436,,552367.139,1839607.281,395.262
Pt1437,,552363.148,1839608.764,395.753
Pt1438,,552363.143,1839608.754,395.748
Pt1439,,552357.962,1839610.383,396.382
Pt1440,,552357.954,1839610.395,396.385
Pt1441,,552348.031,1839585.764,401.326
Pt1442,,552348.031,1839585.769,401.321
Pt1443,,552360.111,1839578.566,400.891
Pt1444,,552360.111,1839578.563,400.894
Pt1445,,552353.190,1839582.430,401.156
Pt1446,,552353.188,1839582.431,401.158
Pt1447,,550300.785,1837421.362,331.887
Pt1448,,550300.769,1837421.360,331.889
Pt1449,,550300.773,1837421.355,331.875
Pt1450,,550287.975,1837433.459,331.787
Pt1451,,550287.969,1837433.454,331.791
Pt1452,,550283.888,1837438.614,331.509
Pt1453,,550277.071,1837451.988,331.274
Pt1454,,550277.075,1837451.960,331.286
Pt1455,,550300.408,1837420.216,329.920
Pt1456,,550295.392,1837425.585,333.198
Pt1457,,550295.472,1837425.535,333.380
Pt1458,,550286.697,1837434.032,334.632
Pt1459,,550286.399,1837433.988,334.224
Pt1460,,550280.946,1837442.228,334.427
Pt1461,,550280.898,1837442.416,334.358
Pt1462,,550279.247,1837445.921,334.092
Pt1463,,550279.206,1837445.996,334.180
Pt1464,,550276.173,1837451.064,334.066
Pt1465,,550276.173,1837451.089,334.017
Pt1466,,550276.132,1837458.656,332.947
Pt1467,,550276.133,1837458.673,332.906
Pt1468,,552018.821,1839796.237,414.627
Pt1469,,552018.823,1839796.228,414.626
Pt1470,,551998.428,1839795.117,413.058
Pt1471,,551998.426,1839795.118,413.049
Pt1472,,551998.423,1839794.575,413.338
Pt1473,,551998.424,1839794.575,413.344
Pt1474,,552013.806,1839765.317,413.123
Pt1475,,552013.807,1839765.315,413.121
Pt1476,,552005.886,1839764.710,412.956
Pt1477,,552009.811,1839765.018,413.216
Pt1478,,552009.812,1839765.019,413.221
Pt1479,,551974.453,1839449.137,412.255
Pt1480,,551974.451,1839449.153,412.260
Pt1481,,551976.843,1839440.644,412.545
Pt1482,,551976.839,1839440.641,412.549
Pt1483,,551981.512,1839428.381,413.274
Pt1484,,551981.517,1839428.413,413.296
Pt1485,,551987.998,1839428.169,413.635
Pt1486,,551988.013,1839428.170,413.641
Pt1487,,551999.465,1839433.608,413.780
Pt1488,,551999.472,1839433.606,413.772
Pt1489,,552009.367,1839438.800,413.880
Pt1490,,552009.368,1839438.797,413.877
Pt1491,,552009.645,1839439.926,414.072
Pt1492,,552009.661,1839441.302,414.088
Pt1493,,552009.660,1839441.302,414.090
Pt1494,,552004.114,1839462.142,413.372
Pt1495,,552004.084,1839462.083,413.393
Pt1496,,552003.073,1839464.105,413.721
Pt1497,,552003.073,1839464.108,413.750
Pt1498,,552006.909,1839462.848,413.424
Pt1499,,552006.902,1839462.849,413.424
Pt1500,,552014.021,1839440.205,414.016
Pt1501,,552014.021,1839440.204,414.012
Pt1502,,551061.501,1838841.804,376.333
Pt1503,,551061.500,1838841.804,376.328
Pt1504,,551058.665,1838849.319,377.066
Pt1505,,551058.506,1838846.236,377.012
Pt1506,,551056.889,1838837.423,376.208
Pt1507,,551056.784,1838837.411,376.197
Pt1508,,551056.785,1838837.413,376.181
Pt1509,,546828.877,1832185.461,327.683
Pt1510,,546828.877,1832185.451,327.672
Pt1511,,546828.862,1832185.445,327.668
Pt1512,,546828.842,1832185.416,327.684
Pt1513,,546828.821,1832185.413,327.680
Pt1514,,546821.310,1832153.194,328.847
Pt1515,,546821.331,1832153.251,328.658
Pt1516,,546821.453,1832153.327,328.482
Pt1517,,546821.469,1832153.347,328.455
Pt1518,,546821.521,1832153.358,328.415
Pt1519,,546821.525,1832153.362,328.392
Pt1520,,546826.753,1832140.419,328.190
Pt1521,,546826.912,1832140.377,328.395
Pt1522,,546815.914,1832087.476,332.727
Pt1523,,546815.946,1832087.411,332.711
Pt1524,,546815.938,1832087.444,332.715
Pt1525,,546815.912,1832087.471,332.716
Pt1526,,546811.219,1832057.997,340.043
Pt1527,,546811.227,1832058.035,340.040
Pt1528,,546811.286,1832058.033,340.043
Pt1529,,546811.219,1832058.020,340.051
Pt1530,,546811.215,1832058.024,340.047
Pt1531,,546708.613,1831990.094,379.570
Pt1532,,546708.604,1831990.094,379.690
Pt1533,,546713.573,1831993.470,379.977
Pt1534,,546713.559,1831993.465,379.987
Pt1535,,546618.853,1831932.744,346.223
Pt1536,,546618.850,1831932.697,346.289
Pt1537,,546600.179,1831923.259,340.098
Pt1538,,546600.207,1831923.261,340.094
Pt1539,,546569.678,1831898.942,332.730
Pt1540,,546559.724,1831894.003,334.280
Pt1541,,546559.742,1831893.981,334.298
Pt1542,,546528.855,1831866.353,333.287
Pt1543,,546528.861,1831866.343,333.288
Pt1544,,546493.858,1831866.259,337.798
Pt1545,,546494.004,1831865.755,338.541
Pt1546,,546494.170,1831865.379,339.242
Pt1547,,546483.615,1831866.849,342.073
Pt1548,,546483.644,1831866.841,342.074
Pt1549,,546487.946,1831879.899,337.324
Pt1550,,546487.942,1831879.942,337.323
Pt1551,,546440.553,1831919.887,332.899
Pt1552,,546440.597,1831919.883,333.023
Pt1553,,550041.915,1838645.666,383.167
Pt1554,,550041.920,1838645.666,383.160
Pt1555,,550041.890,1838641.271,383.062
Pt1556,,550042.053,1838636.548,383.350
Pt1557,,550042.040,1838636.551,383.363
Pt1558,,550042.388,1838634.784,383.199
Pt1559,,550042.403,1838634.761,383.193
Pt1560,,550043.306,1838630.434,382.992
Pt1561,,550043.281,1838630.423,382.961
Pt1562,,550038.285,1838633.012,382.728
Pt1563,,550038.284,1838633.013,382.728
Pt1564,,550038.486,1838640.298,382.961
Pt1565,,550038.491,1838640.289,382.952
Pt1566,,550038.635,1838649.662,382.776
Pt1567,,550038.636,1838649.676,382.787
Pt1568,,550054.132,1838643.140,384.504
Pt1569,,550054.132,1838643.139,384.500
Pt1570,,550054.138,1838643.138,384.505
Pt1571,,550054.145,1838643.137,384.518
Pt1572,,550055.101,1838633.580,384.070
Pt1573,,550055.106,1838633.586,384.072
Pt1574,,550055.111,1838633.585,384.057
Pt1575,,550055.114,1838633.586,384.051
Pt1576,,550055.107,1838633.583,384.055
Pt1577,,550055.545,1838631.278,384.216
Pt1578,,550056.181,1838631.553,383.958
Pt1579,,550056.178,1838631.553,383.951
Pt1580,,550056.196,1838631.558,383.951
Pt1581,,550064.978,1838629.007,384.794
Pt1582,,550065.018,1838629.098,384.779
Pt1583,,550065.021,1838629.106,384.787
Pt1584,,550075.136,1838627.903,385.071
Pt1585,,550075.134,1838627.897,385.074
Pt1586,,550075.132,1838627.897,385.079
Pt1587,,550096.793,1838624.761,386.202
Pt1588,,550096.795,1838624.742,386.204
Pt1589,,550096.800,1838624.743,386.202
Pt1590,,550096.800,1838624.742,386.207
Pt1591,,551313.923,1839615.383,394.595
Pt1592,,551313.911,1839615.402,394.594
Pt1593,,551313.756,1839611.637,394.314
Pt1594,,551313.747,1839611.638,394.304
Pt1595,,551313.757,1839612.298,394.455
Pt1596,,551313.755,1839612.317,394.455
Pt1597,,551267.965,1839608.319,397.313
Pt1598,,551267.960,1839608.411,397.307
Pt1599,,551267.986,1839608.405,397.289
Pt1600,,551271.945,1839588.995,398.441
Pt1601,,551271.912,1839588.954,398.367
Pt1602,,551279.069,1839579.942,397.318
Pt1603,,551279.071,1839579.941,397.336
Pt1604,,551312.805,1839588.631,394.679
Pt1605,,551312.813,1839588.619,394.678
Pt1606,,551312.821,1839588.621,394.670
Pt1607,,551312.833,1839588.637,394.668
Pt1608,,551306.539,1839585.685,394.786
Pt1609,,551306.568,1839585.706,394.882
Pt1610,,551295.329,1839583.380,395.876
Pt1611,,551295.328,1839583.379,395.881
Pt1612,,551281.893,1839580.251,397.016
Pt1613,,551281.896,1839580.251,397.026
Pt1614,,551492.091,1838636.566,389.675
Pt1615,,551492.092,1838636.567,389.679
Pt1616,,551492.089,1838636.562,389.687
Pt1617,,551482.310,1838640.412,387.743
Pt1618,,551482.279,1838640.412,387.752
Pt1619,,551482.286,1838640.441,387.658
Pt1620,,551482.286,1838640.442,387.657
Pt1621,,551459.852,1838672.993,383.385
Pt1622,,551459.853,1838672.992,383.407
Pt1623,,551457.910,1838675.821,383.078
Pt1624,,551490.058,1838629.569,389.555
Pt1625,,551489.679,1838629.412,389.615
Pt1626,,551489.685,1838629.402,389.616
Pt1627,,551494.217,1838638.463,389.331
Pt1628,,551494.195,1838638.465,389.329
Pt1629,,551497.461,1838644.770,389.186
Pt1630,,551497.458,1838644.748,389.170
Pt1631,,551499.467,1838648.263,389.104
Pt1632,,551499.478,1838648.259,389.111
Pt1633,,551501.614,1838651.659,389.079
Pt1634,,551501.631,1838651.657,389.065
Pt1635,,551503.992,1838654.928,389.037
Pt1636,,551508.387,1838651.607,388.762
Pt1637,,551508.371,1838651.601,388.757
Pt1638,,551504.782,1838646.486,388.892
Pt1639,,551504.749,1838646.455,388.888
Pt1640,,551502.241,1838642.228,389.016
Pt1641,,551502.225,1838642.120,389.003
Pt1642,,551494.458,1838626.909,389.403
Pt1643,,551494.450,1838626.910,389.408
Pt1644,,551424.805,1839017.219,400.061
Pt1645,,551424.824,1839017.215,400.056
Pt1646,,551424.845,1839017.204,400.054
Pt1647,,551428.260,1839000.950,0.000
Pt1648,,0.000,0.000,0.000
Pt1649,,551422.594,1839028.925,400.101
Pt1650,,551422.590,1839028.919,400.098
Pt1651,,551421.807,1839032.013,400.340
Pt1652,,551421.814,1839032.006,400.341
Pt1653,,551473.148,1839023.214,405.530
Pt1654,,551473.145,1839023.210,405.538
Pt1655,,551473.141,1839023.198,405.543
Pt1656,,551457.097,1839021.676,405.144
Pt1657,,551457.098,1839021.675,405.142
Pt1658,,551466.560,1839046.826,406.158
Pt1659,,551466.570,1839046.820,406.157
Pt1660,,550485.008,1838223.765,382.515
Pt1661,,550485.018,1838223.789,382.543
Pt1662,,550485.041,1838223.819,382.542
Pt1663,,550485.048,1838223.826,382.594
Pt1664,,550485.054,1838223.817,382.592
Pt1665,,550496.287,1838200.425,385.887
Pt1666,,550496.286,1838200.420,385.893
Pt1667,,550496.283,1838200.413,385.892
