p1  1838322.465 537369.660 225.105
p8  1838309.951 537373.502 225.617
p1  1837709.806 537633.743 215.641
p2  1837709.833 537633.748 215.643
p3  1837709.886 537633.787 215.211
p4  1837714.560 537636.585 214.856
p5  1837714.472 537636.817 215.409
p6  1837719.605 537639.837 215.467
p7  1837730.441 537646.077 215.875
p8  1837743.846 537653.943 217.445
p9  1837743.836 537653.979 217.443
p10  1837744.751 537652.813 215.658
p11  1837744.933 537654.101 215.377
p12  1837744.446 537653.802 215.262
p13  1837744.738 537652.908 215.357
p14  1837744.230 537654.068 215.637
p15  1837754.918 537630.621 215.719
p16  1837718.735 537614.037 214.106
p1  1838301.212 537338.951 220.727
p2  1838301.180 537338.903 220.709
p3  1838299.704 537333.902 220.272
p4  1838310.452 537331.553 220.921
p5  1838312.195 537337.695 222.602
p6  1838312.044 537337.263 221.922
p7  1838315.268 537347.055 221.754
p8  1838303.436 537351.560 223.297
p9  1838307.763 537337.314 221.911
p2  1838322.476 537369.544 225.205
p3  1838322.458 537369.561 225.151
p4  1838318.459 537374.226 224.516
p5  1838310.086 537380.283 224.571
p6  1838309.581 537378.994 224.395
p7  1838308.020 537373.307 224.671
p1  1837432.083 536652.182 201.699
p2  1837404.251 536638.595 201.922
p3  1837406.417 536633.616 202.355
p4  1837414.969 536642.260 201.593
p5  1837454.622 536644.335 200.829
p6  1837422.745 536601.347 202.043
p7  1837435.971 536568.344 201.696
p8  1837439.177 536568.136 201.555
p9  1837460.531 536577.101 201.485
p10  1837478.562 536584.563 201.331
p11  1837469.013 536608.893 201.529
p12  1837462.418 536657.163 198.715
p13  1837465.985 536662.747 199.068
p14  1837467.253 536664.580 199.627
p15  1837460.220 536668.109 201.424
p16  1837458.206 536672.574 201.190
p17  1837440.057 536656.773 201.133
p18  1837437.697 536661.909 201.019
p1  1837330.697 536930.623 215.370
p2  1837332.836 536925.210 216.020
p3  1837331.263 536924.657 215.900
p4  1837335.552 536917.699 215.811
p5  1837334.147 536917.135 215.798
p6  1837351.782 536919.164 215.400
p7  1837358.880 536921.755 215.353
p8  1837362.576 536923.262 215.422
p9  1837362.649 536923.313 215.403
p10  1837356.432 536939.953 215.644
p11  1837352.874 536938.731 215.335
p12  1837352.780 536938.863 215.320
p13  1837345.517 536936.084 215.525
p14  1837345.438 536936.300 215.580
p15  1837345.288 536936.236 215.584
p16  1837344.670 536937.975 215.408
p17  1837337.625 536935.342 215.472
p18  1837338.229 536933.310 215.341
p19  1837338.180 536933.545 215.366
p20  1837338.327 536933.565 215.287
p21  1837349.936 536940.392 213.799
p22  1837358.835 536943.720 213.718
p23  1837358.837 536943.719 213.720
p24  1837346.287 536949.920 213.785
p25  1837354.053 536952.800 213.872
p26  1837357.073 536948.486 213.815
p1  1837665.634 537660.181 212.253
p2  1837683.266 537672.197 212.982
p3  1837695.759 537680.890 212.990
p4  1837706.440 537688.530 212.919
p5  1837709.114 537690.401 212.955
p6  1837713.982 537694.089 213.896
p7  1837713.981 537694.117 214.014
p8  1837652.743 537679.843 212.193
p9  1837652.394 537680.742 211.866
p10  1837652.260 537682.251 211.889
p11  1837652.568 537683.685 211.813
p12  1837652.967 537684.399 211.840
p13  1837653.560 537684.942 211.836
p14  1837664.002 537691.806 211.827
p15  1837684.216 537704.986 212.231
p16  1837699.136 537714.764 212.107
p17  1837696.975 537718.160 212.117
p18  1837682.262 537708.419 211.883
p19  1837673.387 537702.046 211.767
p20  1837649.471 537685.837 211.070
p21  1837661.227 537656.207 211.730
p22  1837665.573 537658.912 211.653
p1  1837380.966 537898.897 209.647
p2  1837412.852 537909.566 211.068
p3  1837409.783 537908.581 211.630
p4  1837388.155 537887.463 211.508
p5  1837404.954 537892.744 210.757
p6  1837400.659 537891.262 210.604
p7  1837400.125 537883.799 210.068
p8  1837389.835 537880.288 210.085
p9  1837416.417 537896.083 211.824
p10  1837416.863 537896.418 211.829
