                BANG THANH QUA TOA DO PHANG VA DO CAO BINH SAI

 HE TOA DO PHANG UTM  **** KINH TUYEN TRUC: 106.15 **** ELLIPPSOID:WGS-84

             =====================================================
             | So  |   So     |          Toa do, Do cao          |
             | thu |   hieu   |-----------------------------------
             | tu  |   diem   |     x(m)   |    y(m)   |   h(m)  |
             =====================================================
             |    1|     D184 | 1823654.644| 552367.604| 391.287 |
             |    2|     D187 | 1822931.897| 554068.665| 360.404 |
             |    3|     D188 | 1821248.737| 553662.611| 362.045 |
             |    4|     KV01 | 1826451.318| 550608.909| 505.180 |
             |    5|     KV02 | 1826383.177| 550461.957| 500.134 |
             |    6|     KV03 | 1825803.178| 550431.906| 457.896 |
             |    7|     KV04 | 1825513.335| 550385.130| 455.540 |
             |    8|     KV05 | 1825182.952| 550339.123| 430.590 |
             |    9|     KV06 | 1825062.367| 550623.100| 439.102 |
             |   10|     KV07 | 1824621.113| 550721.564| 407.085 |
             |   11|     KV08 | 1824885.275| 550671.011| 426.230 |
             |   12|     KV09 | 1827014.801| 550943.775| 509.726 |
             |   13|     KV13 | 1824483.396| 550954.508| 358.578 |
             |   14|     KV14 | 1824468.431| 551381.821| 365.231 |
             |   15|     KV17 | 1824192.750| 551495.933| 366.863 |
             |   16|     KV18 | 1824116.621| 551590.358| 380.300 |
             |   17|     KV21 | 1824334.372| 553127.165| 407.293 |
             |   18|     KV22 | 1824477.969| 553050.127| 404.939 |
             |   19|     KV23 | 1824126.252| 552521.924| 397.480 |
             |   20|     KV24 | 1824077.625| 552338.648| 395.287 |
             |   21|     KV25 | 1824219.622| 554472.827| 436.456 |
             |   22|     KV26 | 1823979.208| 554333.890| 438.931 |
             |   23|     KV27 | 1824389.471| 553716.359| 429.945 |
             |   24|     KV28 | 1824207.029| 553331.631| 414.579 |
             |   25|     KV29 | 1823897.723| 552839.734| 408.165 |
             |   26|     KV30 | 1823790.425| 552598.062| 402.075 |
             |   27|     KV31 | 1823851.173| 551815.124| 373.353 |
             |   28|     KV32 | 1823721.022| 551968.898| 368.613 |
             |   29|     KV33 | 1823276.695| 551539.345| 347.927 |
             |   30|     KV34 | 1823199.835| 551448.664| 338.622 |
             |   31|     KV37 | 1822974.310| 551645.497| 326.612 |
             |   32|     KV38 | 1822873.170| 551772.721| 322.471 |
             |   33|     KV39 | 1823153.902| 551619.507| 331.894 |
             |   34|     KV40 | 1823106.890| 551686.102| 342.926 |
             |   35|     KV41 | 1823354.931| 552142.628| 357.817 |
             |   36|     KV42 | 1823221.917| 552191.725| 362.329 |
             |   37|     KV43 | 1823560.152| 552326.750| 383.493 |
             |   38|     KV44 | 1823271.227| 552481.412| 376.470 |
             |   39|     KV45 | 1823379.862| 553474.864| 357.337 |
             |   40|     KV46 | 1823367.353| 553574.872| 363.204 |
             |   41|     KV49 | 1823195.025| 553994.472| 375.287 |
             |   42|     KV51 | 1823552.217| 554363.481| 420.482 |
             |   43|     KV52 | 1823700.628| 554470.708| 443.663 |
             |   44|     KV53 | 1823057.396| 554394.069| 376.500 |
             |   45|     KV54 | 1823092.640| 554529.494| 389.106 |
             |   46|     KV55 | 1822883.809| 555097.114| 329.451 |
             |   47|     KV56 | 1822942.941| 554945.274| 341.358 |
             |   48|     KV57 | 1822779.185| 555127.449| 329.213 |
             |   49|     KV58 | 1822570.785| 555122.480| 321.863 |
             |   50|     KV61 | 1822848.275| 554073.250| 354.061 |
             |   51|     KV62 | 1822945.753| 553908.770| 358.522 |
             |   52|     KV64 | 1822742.331| 553740.293| 347.928 |
             |   53|     KV65 | 1822901.316| 553624.644| 362.767 |
             |   54|     KV66 | 1822942.562| 553490.781| 358.481 |
             |   55|     KV67 | 1822974.515| 552996.871| 355.074 |
             |   56|     KV68 | 1822972.209| 552812.406| 352.049 |
             |   57|     KV69 | 1822877.340| 552523.527| 359.460 |
             |   58|     KV70 | 1822849.580| 552383.700| 350.887 |
             |   59|     KV72 | 1822715.016| 551936.162| 323.756 |
             |   60|     KV73 | 1822640.041| 551814.428| 310.696 |
             |   61|     KV75 | 1822428.346| 551548.718| 269.927 |
             |   62|     KV76 | 1822694.565| 552566.762| 349.535 |
             |   63|     KV77 | 1822530.498| 552661.589| 352.205 |
             |   64|     KV78 | 1821824.340| 552161.819| 306.373 |
             |   65|     KV79 | 1821959.414| 552359.678| 322.418 |
             |   66|     KV81 | 1822204.684| 553015.406| 334.834 |
             |   67|     KV82 | 1822324.972| 552644.877| 348.588 |
             |   68|     KV83 | 1822237.175| 552570.418| 344.698 |
             |   69|     KV84 | 1822507.743| 554388.284| 351.040 |
             |   70|     KV85 | 1822584.967| 554466.919| 354.688 |
             |   71|     KV86 | 1821998.500| 554505.507| 320.935 |
             |   72|     KV87 | 1822136.766| 554485.443| 330.245 |
             |   73|     KV88 | 1822291.592| 554002.687| 336.675 |
             |   74|     KV89 | 1822272.453| 554151.892| 336.816 |
             |   75|     KV90 | 1822095.712| 553190.226| 329.833 |
             |   76|     KV91 | 1821993.933| 553301.096| 331.648 |
             |   77|     KV92 | 1821991.618| 553110.502| 331.342 |
             |   78|     KV93 | 1821801.008| 553174.454| 337.960 |
             |   79|     KV96 | 1821564.036| 553261.738| 345.611 |
             |   80|     KV97 | 1821408.281| 553319.573| 349.820 |
             |   81|     KV98 | 1821110.393| 553605.290| 363.808 |
             |   82|     KV99 | 1821353.608| 553152.278| 352.041 |
             |   83|     V100 | 1820651.042| 553927.762| 360.954 |
             |   84|     V101 | 1820857.417| 553790.448| 362.206 |
             |   85|     V102 | 1819463.220| 554441.277| 325.594 |
             |   86|     V103 | 1819631.305| 554074.027| 333.183 |
             |   87|     V104 | 1819208.265| 554706.727| 316.137 |
             |   88|     V105 | 1818912.883| 554848.563| 300.490 |
             |   89|     V106 | 1819688.320| 554181.652| 326.543 |
             |   90|     V107 | 1820036.302| 554360.473| 339.336 |
             |   91|     V108 | 1821122.302| 553062.809| 345.582 |
             |   92|     V109 | 1821142.088| 552910.006| 344.316 |
             |   93|     V121 | 1821245.453| 553610.851| 359.714 |
             |   94|     V122 | 1821504.701| 553923.528| 347.683 |
             |   95|     V123 | 1821631.342| 553855.199| 339.557 |
             =====================================================
