p220 1852825.301 536981.699 570.432
p220 1851552.908 535016.150 633.326
p10 1852606.164 536972.414 552.255
p20 1852606.159 536972.427 552.230
p30 1852611.315 536971.989 552.066
p40 1852611.308 536971.985 552.062
p50 1852622.482 536971.389 551.350
p60 1852622.492 536971.394 551.276
p70 1852627.025 536970.922 550.845
p80 1852627.017 536970.919 550.840
p90 1852627.615 536963.409 552.257
p100 1852627.618 536963.292 552.021
p110 1852644.368 536969.856 550.053
p120 1852644.362 536969.867 550.042
p130 1852686.755 536967.089 552.099
p140 1852686.762 536967.073 552.098
p150 1852738.960 536963.085 557.409
p160 1852738.955 536963.075 557.397
p170 1852776.691 536960.588 563.037
p180 1852776.731 536960.563 562.946
p190 1852776.665 536960.061 563.355
p200 1852822.999 536957.146 567.881
p210 1852822.992 536957.139 567.876
p230 1852823.997 537008.361 572.694
p240 1852824.010 537008.365 572.685
p250 1852824.306 537008.007 572.089
p260 1852821.393 537023.630 569.253
p270 1852821.361 537023.607 569.258
p280 1852815.679 537046.994 559.445
p290 1852815.730 537046.974 559.432
p300 1852890.625 537032.012 576.562
p310 1852890.669 537032.013 576.849
p320 1852893.624 537013.993 585.005
p330 1852893.622 537013.997 585.015
p340 1852898.287 536983.935 587.120
p350 1852900.491 536948.634 575.257
p360 1852900.502 536948.672 575.239
p370 1852900.331 536929.189 565.207
p380 1852900.054 536928.997 565.059
p390 1852866.316 536917.567 562.717
p400 1852822.430 536929.610 563.826
p410 1852734.039 536935.676 555.945
p420 1852649.520 536939.496 550.659
p430 1852649.513 536939.503 550.620
p440 1852635.496 536944.168 549.352
p450 1852607.896 536945.442 551.396
p460 1852607.925 536945.419 551.403
p470 1852606.720 536944.747 551.815
p480 1852606.725 536944.748 551.828
p490 1851658.184 535366.953 642.884
p500 1851658.195 535366.949 642.888
p510 1851658.184 535366.970 642.920
p520 1851657.008 535373.332 642.510
p530 1851692.098 535373.806 644.611
p540 1851692.095 535373.810 644.609
p550 1851693.727 535376.050 644.354
p560 1851693.186 535377.428 644.541
p570 1851678.210 535377.466 644.457
p10 1851536.405 535013.399 631.835
p20 1851536.393 535013.535 631.696
p30 1851536.365 535013.496 631.775
p40 1851536.378 535013.474 631.767
p50 1851528.565 535058.960 630.027
p60 1851528.577 535058.951 630.090
p70 1851528.595 535059.075 629.854
p80 1851545.024 535061.336 632.224
p90 1851545.008 535061.339 632.220
p100 1851545.002 535061.338 632.219
p110 1851545.582 535119.204 629.469
p120 1851545.630 535119.198 629.587
p130 1851545.651 535119.175 629.640
p140 1851568.957 535119.570 633.055
p150 1851569.144 535119.596 633.667
p160 1851569.352 535119.584 634.195
p170 1851527.108 535125.979 622.439
p180 1851527.116 535125.969 622.429
p190 1851487.723 534962.688 623.604
p200 1851487.755 534962.689 623.601
p210 1851552.895 535016.182 633.377
p230 1851552.872 535016.141 634.230
p240 1851552.877 535016.171 634.194
p250 1851589.311 535054.715 638.283
p260 1851589.310 535054.709 638.298
p270 1851589.310 535054.724 638.302
p280 1851569.998 535104.524 634.632
p290 1851569.998 535104.528 634.643
p300 1851569.994 535104.530 634.674
p310 1851569.996 535104.545 634.674
