FY_8_0 1837742.662 549881.800 356.775
p1 1835797.520 540676.713 207.175
p2 1835802.630 540679.473 207.164
p3 1835800.319 540682.176 207.034
p4 1835792.056 540677.623 206.721
p5 1835803.626 540679.638 207.114
p6 1835803.634 540679.636 207.112
p7 1835780.325 540671.254 206.643
p8 1835772.446 540667.282 206.750
p9 1835775.907 540665.100 206.828
p10 1835758.902 540659.397 206.725
p11 1835760.820 540656.377 206.898
p12 1835742.365 540645.740 207.643
p13 1835743.134 540648.159 207.586
p14 1835756.872 540618.005 207.813
p15 1835767.931 540604.862 207.980
p16 1835803.197 540623.866 210.334
p17 1835803.189 540623.902 210.308
