p1 1839109.523 551399.718 401.412
p2 1839109.498 551399.690 401.428
p3 1839109.497 551399.688 401.427
p4 1839072.098 551404.398 400.705
p5 1839072.106 551404.392 400.700
p6 1839090.614 551376.884 398.303
p7 1839090.439 551376.468 398.748
p8 1839090.432 551376.469 398.737
p9 1839096.949 551387.869 401.420
p10 1839096.948 551387.871 401.418
p1 1833651.832 546922.981 301.605
p2 1833651.665 546923.091 301.661
p3 1833630.843 546905.501 300.924
p4 1833612.254 546893.421 298.625
p5 1833602.630 546884.928 295.868
p6 1833593.178 546879.976 293.467
p7 1833590.298 546877.822 293.004
p8 1833585.676 546865.177 290.383
p9 1833610.117 546773.775 273.601
p10 1833607.368 546775.663 274.108
p11 1833616.969 546796.017 280.197
p12 1833619.439 546799.097 279.827
p13 1833624.387 546810.371 282.220
p14 1833633.877 546809.826 285.483
p15 1833651.232 546826.625 293.311
p16 1833663.166 546839.564 296.229
p17 1833679.533 546852.427 295.327
p18 1833699.397 546867.157 292.643
