1	1820340	550262
2	1820339	550263
3	1820336	550262
4	1820347	550266
5	1820346	550270
6	1820345	550273
7	1820346	550272
8	1820347	550271
9	1820348	550268
10	1820347	550268
11	1820345	550270
12	1820346	550271
13	1820346	550271
14	1820347	550272
15	1820346	550273
16	1820347	550274
17	1820348	550276
18	1820353	550279
19	1820356	550281
20	1820358	550281
21	1820358	550281
22	1820358	550281
23	1820355	550280
24	1820348	550279
25	1820346	550279
26	1820346	550280
27	1820347	550282
28	1820350	550281
29	1820351	550281
30	1819394	551093
31	1819394	551095
32	1819394	551098
33	1819395	551112
34	1819396	551118
35	1819399	551128
36	1819399	551135
37	1819401	551144
38	1819402	551148
39	1819404	551160
40	1819407	551166
41	1819408	551173
42	1819413	551182
43	1819414	551189
44	1819416	551198
45	1819417	551207
46	1819418	551212
47	1819418	551221
48	1819418	551227
49	1819416	551235
50	1819411	551242
51	1819409	551250
52	1819409	551256
53	1819407	551263
54	1819399	551271
55	1819396	551278
56	1819395	551284
57	1819388	551290
58	1819384	551300
59	1819381	551305
60	1819376	551312
61	1819371	551320
62	1819367	551328
63	1819363	551336
64	1819361	551342
65	1819356	551349
66	1819355	551356
67	1819353	551362
68	1819351	551367
69	1819346	551373
70	1819343	551379
71	1819342	551383
72	1819341	551388
73	1819340	551391
74	1819339	551394
75	1819336	551397
76	1819333	551400
77	1819334	551403
78	1819333	551402
79	1819334	551403
80	1819336	551403
81	1819337	551403
82	1819339	551405
83	1819344	551409
84	1819349	551414
85	1819354	551420
86	1819357	551426
87	1819360	551431
88	1819365	551436
89	1819369	551439
90	1819372	551443
91	1819378	551446
92	1819384	551447
93	1819388	551448
94	1819395	551447
95	1819401	551448
96	1819407	551452
97	1819412	551456
98	1819416	551460
99	1819418	551464
100	1819421	551465
101	1819423	551467
102	1819427	551468
103	1819431	551470
104	1819434	551472
105	1819439	551475
106	1819442	551479
107	1819446	551481
108	1819452	551483
109	1819456	551486
110	1819461	551491
111	1819466	551492
112	1819470	551494
113	1819475	551497
114	1819480	551495
115	1819483	551495
116	1819488	551493
117	1819493	551495
118	1819497	551498
119	1819502	551500
120	1819502	551500
121	1819503	551503
122	1819507	551505
123	1819513	551505
124	1819513	551504
125	1819515	551502
126	1819520	551502
127	1819522	551501
128	1819525	551501
129	1819529	551503
130	1819533	551503
131	1819536	551504
132	1819539	551504
133	1819540	551504
134	1819542	551506
135	1819543	551506
136	1819544	551508
137	1819546	551509
138	1819549	551512
139	1819552	551515
140	1819555	551518
141	1819557	551521
142	1819561	551523
143	1819564	551525
144	1819567	551527
145	1819568	551528
146	1819566	551529
147	1819567	551531
148	1819563	551532
149	1819558	551532
150	1819554	551537
151	1819553	551542
152	1819553	551546
153	1819550	551550
154	1819545	551556
155	1819543	551561
156	1819538	551564
157	1819534	551569
158	1819528	551564
159	1819520	551559
160	1819514	551556
161	1819505	551551
162	1819496	551544
163	1819490	551538
164	1819482	551532
165	1819473	551527
166	1819465	551527
167	1819459	551533
168	1819453	551540
169	1819448	551545
170	1819443	551551
171	1819437	551557
172	1819431	551561
173	1819422	551563
174	1819415	551561
175	1819410	551557
176	1819403	551557
177	1819397	551555
178	1819390	551554
179	1819384	551555
180	1819377	551556
181	1819371	551558
182	1819366	551559
183	1819361	551562
184	1819358	551564
185	1819354	551568
186	1819352	551574
187	1819349	551578
188	1819348	551583
189	1819346	551588
190	1819344	551591
191	1819341	551594
192	1819339	551598
193	1819333	551600
194	1819330	551596
195	1819327	551589
196	1819322	551587
197	1819318	551586
198	1819314	551585
199	1819309	551584
200	1819304	551582
201	1819302	551580
202	1819301	551579
203	1819294	551577
204	1819291	551576
205	1819289	551575
206	1819288	551571
207	1819289	551572
208	1819287	551568
209	1819283	551565
210	1819279	551563
211	1819277	551564
212	1819273	551563
213	1819268	551561
214	1819263	551559
215	1819258	551557
216	1819254	551553
217	1819250	551552
218	1819249	551548
219	1819249	551544
220	1819248	551539
221	1819246	551534
222	1819247	551528
223	1819251	551522
224	1819254	551517
225	1819259	551511
226	1819265	551504
227	1819270	551499
228	1819276	551494
229	1819279	551488
230	1819283	551486
231	1819287	551482
232	1819291	551477
233	1819295	551473
234	1819296	551468
235	1819298	551462
236	1819299	551457
237	1819295	551452
238	1819288	551449
239	1819288	551447
240	1819288	551443
241	1819286	551441
242	1819287	551437
243	1819286	551435
244	1819285	551431
245	1819286	551430
246	1819286	551430
247	1819286	551428
248	1819286	551427
249	1819286	551425
250	1819287	551422
251	1819287	551421
252	1819288	551421
253	1819290	551419
254	1819288	551417
255	1819286	551416
256	1819287	551415
257	1819291	551413
258	1819299	551410
259	1819305	551406
260	1819307	551406
261	1819308	551406
262	1819309	551405
263	1819312	551405
264	1819316	551404
265	1819322	551404
266	1819328	551401
267	1819334	551400
268	1819336	551402
269	1819335	551403
270	1819336	551402
271	1819336	551401
272	1819336	551400
273	1819335	551400
274	1819336	551401
275	1819335	551400
276	1819334	551400
277	1819334	551400
278	1819334	551401
279	1819334	551401
280	1819335	551399
281	1819336	551396
282	1819339	551394
283	1819341	551391
284	1819341	551390
285	1819341	551389
286	1819343	551388
287	1819346	551388
288	1819350	551387
289	1819352	551383
290	1819356	551380
291	1819358	551376
292	1819362	551373
293	1819366	551368
294	1819369	551368
295	1819372	551368
296	1819376	551365
297	1819378	551363
298	1819379	551358
299	1819379	551356
300	1819380	551352
301	1819379	551348
302	1819380	551342
303	1819383	551336
304	1819384	551328
305	1819386	551323
306	1819383	551316
307	1819387	551312
308	1819387	551304
309	1819381	551305
310	1819375	551302
311	1819370	551301
312	1819363	551299
313	1819358	551300
314	1819353	551298
315	1819350	551295
316	1819346	551292
317	1819342	551296
318	1819338	551299
319	1819333	551303
320	1819334	551306
321	1819333	551310
322	1819332	551315
323	1819333	551320
324	1819332	551324
325	1819332	551326
326	1819332	551328
327	1819332	551331
328	1819331	551334
329	1819332	551335
330	1819333	551339
331	1819335	551343
332	1819336	551348
333	1819337	551352
334	1819337	551356
335	1819335	551359
336	1819335	551360
337	1819335	551363
338	1819333	551366
339	1819332	551366
340	1819331	551368
341	1819329	551370
342	1819327	551373
343	1819323	551376
344	1819321	551380
345	1819319	551382
346	1819318	551383
347	1819318	551385
348	1819317	551386
349	1819318	551389
350	1819318	551392
351	1819321	551394
352	1819326	551393
353	1819330	551390
354	1819334	551386
355	1819338	551383
356	1819343	551386
357	1819343	551387
358	1819342	551387
359	1819343	551387
360	1819344	551386
361	1819344	551385
362	1819343	551385
363	1819343	551379
364	1819346	551374
365	1819351	551368
366	1819354	551362
367	1819355	551354
368	1819358	551346
369	1819361	551340
370	1819364	551335
371	1819363	551336
372	1819363	551336
373	1819370	551320
374	1819386	551297
375	1819397	551280
376	1819408	551256
377	1819414	551236
378	1819419	551215
379	1819414	551192
380	1819407	551167
381	1819402	551140
382	1819398	551113
383	1819397	551088
384	1819406	551084
385	1819406	551087
386	1819405	551087
387	1819405	551087
388	1819404	551087
389	1819405	551086
390	1819403	551083
391	1819404	551083
392	1819405	551082
393	1819406	551084
394	1819407	551084
395	1819410	551086
396	1819407	551084
397	1819407	551085
398	1819407	551085
399	1819404	551088
400	1819405	551088
401	1819405	551088
402	1819405	551089
403	1819405	551087
404	1819404	551087
405	1819403	551087
406	1819403	551088
407	1819403	551086
408	1819403	551085
409	1819404	551084
410	1819405	551086
411	1819411	551082
412	1819440	551065
413	1819476	551025
414	1819514	550971
415	1819554	550917
416	1819574	550883
417	1819595	550889
418	1819622	550895
419	1819649	550912
420	1819680	550932
421	1819712	550941
422	1819727	550961
423	1819752	550978
424	1819787	550982
425	1819828	550992
426	1819837	550996
427	1819868	551000
428	1819896	550982
429	1819899	550983
430	1819900	550985
431	1819903	550983
432	1819905	550978
433	1819904	550976
434	1819902	550971
435	1819901	550965
436	1819900	550955
437	1819900	550946
438	1819898	550937
439	1819897	550928
440	1819892	550923
441	1819888	550916
442	1819885	550910
443	1819882	550904
444	1819878	550900
445	1819873	550893
446	1819872	550886
447	1819867	550879
448	1819862	550870
449	1819856	550863
450	1819849	550856
451	1819840	550853
452	1819834	550852
453	1819833	550859
454	1819831	550866
455	1819827	550875
456	1819825	550882
457	1819823	550891
458	1819824	550894
459	1819823	550898
460	1819819	550903
461	1819816	550907
462	1819812	550910
463	1819806	550912
464	1819799	550913
465	1819796	550918
466	1819797	550924
467	1819799	550929
468	1819802	550935
469	1819803	550942
470	1819804	550950
471	1819805	550957
472	1819805	550965
473	1819806	550973
474	1819807	550983
475	1819810	550989
476	1819820	550991
477	1819829	550994
478	1819839	550998
479	1819849	551002
480	1819860	551002
481	1819870	551001
482	1819880	550996
483	1819889	550991
484	1819897	550987
485	1819898	550986
486	1819900	550985
487	1819900	550986
488	1819900	550985
489	1819900	550985
490	1819900	550986
491	1819899	550985
492	1819901	550985
493	1819902	550985
494	1819903	550984
495	1819903	550984
496	1819928	550980
497	1819971	550986
498	1820023	550993
499	1820065	550979
500	1820061	551008
501	1820043	551060
502	1820028	551111
503	1820011	551162
504	1820009	551230
505	1820005	551298
506	1820002	551371
507	1820001	551447
508	1819997	551518
509	1819946	551561
510	1819898	551615
511	1819858	551683
512	1819820	551754
513	1819793	551808
514	1819785	551830
515	1819768	551878
516	1819732	551931
517	1819689	551990
518	1819678	552066
519	1819690	552142
520	1819705	552212
521	1819752	552261
522	1819786	552320
523	1819769	552373
524	1819809	552421
525	1819833	552471
526	1819811	552519
527	1819781	552558
528	1819771	552559
529	1819769	552538
530	1819763	552514
531	1819745	552496
532	1819727	552483
533	1819714	552476
534	1819703	552468
535	1819702	552470
536	1819702	552469
537	1819701	552467
538	1819692	552463
539	1819682	552458
540	1819673	552453
541	1819664	552450
542	1819656	552446
543	1819649	552440
544	1819640	552439
545	1819630	552436
546	1819620	552431
547	1819610	552425
548	1819602	552418
549	1819594	552410
550	1819587	552405
551	1819579	552398
552	1819570	552396
553	1819563	552390
554	1819557	552383
555	1819557	552383
556	1819558	552383
557	1819559	552382
558	1819565	552380
559	1819569	552376
560	1819571	552375
561	1819572	552376
562	1819573	552376
563	1819573	552375
564	1819574	552376
565	1819576	552374
566	1819576	552370
567	1819580	552367
568	1819582	552362
569	1819582	552358
570	1819582	552354
571	1819576	552349
572	1819571	552345
573	1819563	552333
574	1819559	552323
575	1819553	552314
576	1819552	552306
577	1819549	552300
578	1819547	552293
579	1819540	552287
580	1819533	552282
581	1819530	552276
582	1819528	552276
583	1819528	552275
584	1819527	552274
585	1819525	552275
586	1819522	552274
587	1819519	552273
588	1819520	552272
589	1819523	552271
590	1819526	552269
591	1819529	552268
592	1819533	552270
593	1819536	552272
594	1819536	552268
595	1819536	552266
596	1819535	552267
597	1819535	552269
598	1819536	552270
599	1819537	552268
600	1819541	552266
601	1819543	552265
602	1819546	552262
603	1819547	552263
604	1819550	552263
605	1819554	552260
606	1819558	552255
607	1819560	552256
608	1819564	552251
609	1819563	552248
610	1819566	552249
611	1819566	552247
612	1819566	552245
613	1819568	552245
614	1819570	552243
615	1819570	552237
616	1819569	552235
617	1819571	552234
618	1819573	552232
619	1819574	552229
620	1819576	552227
621	1819576	552223
622	1819573	552221
623	1819570	552219
624	1819565	552218
625	1819555	552215
626	1819551	552209
627	1819545	552206
628	1819537	552210
629	1819529	552212
630	1819527	552214
631	1819524	552216
632	1819522	552217
633	1819519	552220
634	1819517	552221
635	1819512	552220
636	1819511	552218
637	1819510	552216
638	1819509	552214
639	1819510	552213
640	1819509	552213
641	1819508	552212
642	1819505	552211
643	1819504	552209
644	1819501	552207
645	1819501	552208
646	1819501	552208
647	1819499	552209
648	1819497	552210
649	1819499	552217
650	1819495	552221
651	1819492	552225
652	1819488	552230
653	1819487	552236
654	1819485	552241
655	1819482	552246
656	1819480	552253
657	1819480	552255
658	1819479	552256
659	1819472	552257
660	1819463	552256
661	1819454	552255
662	1819448	552253
663	1819444	552251
664	1819437	552247
665	1819429	552247
666	1819421	552247
667	1819417	552246
668	1819415	552250
669	1819416	552254
670	1819419	552258
671	1819418	552261
672	1819421	552265
673	1819425	552268
674	1819428	552270
675	1819431	552274
676	1819436	552276
677	1819439	552278
678	1819443	552281
679	1819446	552284
680	1819451	552289
681	1819452	552295
682	1819455	552300
683	1819457	552305
684	1819461	552311
685	1819464	552316
686	1819467	552321
687	1819470	552327
688	1819475	552332
689	1819479	552337
690	1819483	552344
691	1819486	552351
692	1819486	552358
693	1819488	552365
694	1819492	552371
695	1819492	552378
696	1819497	552379
697	1819502	552377
698	1819507	552376
699	1819511	552382
700	1819514	552384
701	1819520	552384
702	1819526	552384
703	1819533	552385
704	1819540	552385
705	1819544	552385
706	1819549	552385
707	1819554	552384
708	1819556	552382
709	1819556	552382
710	1819556	552383
711	1819556	552383
712	1819555	552383
713	1819555	552383
714	1819554	552383
715	1819554	552382
716	1819554	552383
717	1819555	552382
718	1819555	552383
719	1819554	552383
720	1819558	552385
721	1819562	552390
722	1819567	552395
723	1819577	552397
724	1819583	552403
725	1819588	552407
726	1819597	552413
727	1819603	552419
728	1819610	552425
729	1819617	552430
730	1819626	552435
731	1819635	552439
732	1819645	552441
733	1819651	552444
734	1819659	552447
735	1819668	552450
736	1819675	552453
737	1819683	552458
738	1819691	552462
739	1819697	552466
740	1819704	552470
741	1819710	552474
742	1819713	552477
743	1819714	552477
744	1819711	552474
745	1819712	552473
746	1819706	552470
747	1819700	552465
748	1819701	552464
749	1819705	552459
750	1819707	552456
751	1819709	552452
752	1819710	552448
753	1819709	552445
754	1819711	552443
755	1819711	552440
756	1819713	552439
757	1819718	552439
758	1819724	552441
759	1819727	552442
760	1819730	552441
761	1819732	552442
762	1819733	552442
763	1819736	552442
764	1819738	552443
765	1819743	552444
766	1819745	552445
767	1819747	552446
768	1819749	552447
769	1819751	552449
770	1819755	552450
771	1819759	552453
772	1819760	552454
773	1819763	552455
774	1819764	552460
775	1819767	552464
776	1819768	552469
777	1819770	552470
778	1819771	552471
779	1819773	552476
780	1819775	552479
781	1819777	552482
782	1819780	552487
783	1819781	552490
784	1819783	552492
785	1819784	552496
786	1819783	552497
787	1819783	552501
788	1819783	552502
789	1819783	552504
790	1819784	552508
791	1819784	552510
792	1819785	552514
793	1819786	552515
794	1819786	552519
795	1819786	552521
796	1819787	552523
797	1819786	552524
798	1819783	552528
799	1819782	552529
800	1819780	552531
801	1819777	552536
802	1819776	552539
803	1819774	552544
804	1819772	552545
805	1819768	552545
806	1819762	552545
807	1819759	552545
808	1819754	552545
809	1819750	552544
810	1819746	552544
811	1819745	552544
812	1819741	552545
813	1819739	552543
814	1819737	552542
815	1819734	552539
816	1819732	552537
817	1819729	552535
818	1819726	552530
819	1819722	552528
820	1819718	552528
821	1819715	552525
822	1819711	552523
823	1819707	552522
824	1819703	552522
825	1819698	552522
826	1819693	552522
827	1819690	552525
828	1819686	552524
829	1819684	552525
830	1819682	552524
831	1819680	552526
832	1819679	552527
833	1819677	552526
834	1819677	552523
835	1819677	552521
836	1819679	552517
837	1819681	552514
838	1819687	552511
839	1819687	552507
840	1819688	552505
841	1819689	552504
842	1819689	552505
843	1819692	552504
844	1819689	552504
845	1819690	552505
846	1819690	552506
847	1819690	552505
848	1819691	552501
849	1819692	552498
850	1819693	552495
851	1819694	552491
852	1819695	552486
853	1819695	552480
854	1819697	552476
855	1819701	552470
856	1819708	552473
857	1819712	552477
858	1819714	552477
859	1819715	552476
860	1819714	552477
861	1819714	552477
862	1819714	552477
863	1819714	552477
864	1819714	552477
865	1819714	552478
866	1819714	552478
867	1819714	552478
868	1819713	552478
869	1819713	552479
870	1819714	552478
871	1819713	552478
872	1819713	552478
873	1819712	552479
874	1819713	552479
875	1819715	552478
876	1819715	552478
877	1819715	552478
878	1819715	552477
879	1819715	552477
880	1819715	552477
881	1819715	552478
882	1819715	552478
883	1819715	552478
884	1819714	552478
885	1819715	552477
886	1819715	552477
887	1819715	552477
888	1819714	552477
889	1819714	552476
890	1819713	552476
891	1819713	552476
892	1819713	552476
893	1819714	552476
894	1819714	552477
895	1819714	552477
896	1819714	552477
897	1819714	552477
898	1819714	552478
899	1819714	552478
900	1819713	552479
901	1819715	552478
902	1819715	552477
903	1819715	552478
904	1819715	552477
905	1819715	552477
906	1819715	552477
907	1819715	552478
908	1819715	552478
909	1819715	552478
910	1819713	552477
911	1819714	552477
912	1819713	552478
913	1819713	552478
914	1819713	552476
915	1819714	552478
916	1819715	552478
917	1819717	552479
918	1819727	552485
919	1819746	552500
920	1819764	552522
921	1819766	552550
922	1819775	552562
923	1819795	552535
924	1819824	552493
925	1819823	552433
926	1819780	552399
927	1819766	552354
928	1819781	552309
929	1819756	552267
930	1819736	552247
931	1819702	552210
932	1819689	552152
933	1819678	552081
934	1819681	552004
935	1819720	551938
936	1819762	551877
937	1819791	551805
938	1819832	551723
939	1819874	551648
940	1819913	551588
941	1819955	551549
942	1819997	551512
943	1819999	551450
944	1819999	551375
945	1820000	551291
946	1820005	551208
947	1820011	551139
948	1820030	551091
949	1820042	551045
950	1820057	551007
951	1820062	550996
952	1820063	550997
953	1820062	550997
954	1820063	550997
955	1820063	550997
956	1820063	550997
957	1820063	550997
958	1820064	550993
959	1820076	550975
960	1820106	550941
961	1820132	550898
962	1820132	550890
963	1820108	550930
964	1820069	550973
965	1820020	550991
966	1819966	550985
967	1819926	550980
968	1819891	550990
969	1819857	551007
970	1819830	550998
971	1819799	550990
972	1819768	550983
973	1819747	550979
974	1819726	550964
975	1819711	550942
976	1819692	550937
977	1819662	550925
978	1819634	550904
979	1819617	550896
980	1819595	550891
981	1819571	550882
982	1819565	550883
983	1819565	550884
984	1819565	550883
985	1819565	550884
986	1819555	550915
987	1819530	550965
988	1819488	551014
989	1819445	551064
990	1819381	551092
991	1819315	551088
992	1819267	551118
993	1819215	551147
994	1819170	551154
995	1819110	551173
996	1819043	551185
997	1818977	551193
998	1818931	551228
999	1818884	551279
1000	1818829	551311
1001	1818780	551343
1002	1818766	551389
1003	1818748	551445
1004	1818750	551509
1005	1818772	551581
1006	1818775	551643
1007	1818778	551698
1008	1818785	551759
1009	1818791	551803
1010	1818794	551866
1011	1818781	551934
1012	1818739	551994
1013	1818712	552043
1014	1818710	552080
1015	1818678	552128
1016	1818614	552146
1017	1818578	552184
1018	1818585	552257
1019	1818602	552330
1020	1818609	552387
1021	1818604	552437
1022	1818613	552482
1023	1818624	552529
1024	1818652	552572
1025	1818681	552619
1026	1818686	552670
1027	1818677	552727
1028	1818678	552792
1029	1818686	552857
1030	1818692	552911
1031	1818691	552956
1032	1818663	552994
1033	1818621	553024
1034	1818568	553037
1035	1818506	553048
1036	1818443	553064
1037	1818384	553092
1038	1818329	553130
1039	1818275	553166
1040	1818225	553213
1041	1818179	553271
1042	1818162	553338
1043	1818126	553398
1044	1818077	553450
1045	1818017	553479
1046	1817948	553477
1047	1817880	553464
1048	1817817	553470
1049	1817765	553508
1050	1817712	553545
1051	1817662	553584
1052	1817601	553611
1053	1817540	553635
1054	1817489	553671
1055	1817434	553710
1056	1817376	553695
1057	1817331	553661
1058	1817285	553623
1059	1817240	553568
1060	1817193	553534
1061	1817131	553523
1062	1817062	553526
1063	1817016	553559
1064	1816979	553590
1065	1816939	553610
1066	1816928	553613
1067	1816927	553613
1068	1816911	553616
1069	1816863	553621
1070	1816823	553634
1071	1816795	553653
1072	1816774	553676
1073	1816777	553709
1074	1816802	553733
1075	1816834	553748
1076	1816866	553763
1077	1816898	553777
1078	1816931	553792
1079	1816964	553805
1080	1816996	553820
1081	1817032	553837
1082	1817080	553853
1083	1817130	553869
1084	1817184	553886
1085	1817230	553919
1086	1817264	553957
1087	1817281	554000
1088	1817291	554042
1089	1817289	554069
1090	1817284	554070
1091	1817280	554073
1092	1817281	554071
1093	1817284	554070
1094	1817284	554070
1095	1817283	554069
1096	1817283	554068
1097	1817283	554061
1098	1817283	554049
1099	1817283	554041
1100	1817281	554037
1101	1817275	554039
1102	1817272	554044
1103	1817265	554045
1104	1817256	554044
1105	1817246	554039
1106	1817238	554033
1107	1817232	554026
1108	1817226	554020
1109	1817220	554020
1110	1817213	554024
1111	1817209	554028
1112	1817203	554032
1113	1817198	554035
1114	1817192	554037
1115	1817186	554040
1116	1817182	554042
1117	1817177	554045
1118	1817173	554049
1119	1817169	554051
1120	1817163	554056
1121	1817158	554057
1122	1817161	554060
1123	1817167	554062
1124	1817172	554065
1125	1817175	554069
1126	1817173	554074
1127	1817173	554078
1128	1817171	554082
1129	1817171	554087
1130	1817169	554092
1131	1817168	554097
1132	1817173	554097
1133	1817178	554097
1134	1817183	554096
1135	1817188	554095
1136	1817192	554095
1137	1817197	554094
1138	1817200	554095
1139	1817205	554091
1140	1817209	554088
1141	1817214	554085
1142	1817218	554079
1143	1817223	554079
1144	1817228	554084
1145	1817233	554086
1146	1817239	554078
1147	1817243	554068
1148	1817250	554062
1149	1817259	554060
1150	1817270	554063
1151	1817279	554067
1152	1817286	554068
1153	1817284	554069
1154	1817283	554070
1155	1817283	554070
1156	1817284	554071
1157	1817283	554072
1158	1817283	554070
1159	1817283	554070
1160	1817282	554070
1161	1817283	554070
1162	1817284	554069
1163	1817284	554068
1164	1817284	554068
1165	1817284	554068
1166	1817283	554068
1167	1817283	554068
1168	1817283	554068
1169	1817283	554068
1170	1817283	554070
1171	1817289	554069
1172	1817293	554068
1173	1817293	554068
1174	1817292	554069
1175	1817294	554073
1176	1817316	554092
1177	1817359	554118
1178	1817395	554158
1179	1817426	554205
1180	1817471	554234
1181	1817506	554268
1182	1817500	554323
1183	1817485	554370
1184	1817457	554408
1185	1817453	554456
1186	1817456	554501
1187	1817454	554532
1188	1817445	554562
1189	1817443	554579
1190	1817442	554592
1191	1817442	554594
1192	1817444	554594
1193	1817442	554601
1194	1817441	554612
1195	1817443	554623
1196	1817445	554631
1197	1817451	554640
1198	1817451	554655
1199	1817454	554676
1200	1817453	554695
1201	1817455	554712
1202	1817454	554730
1203	1817440	554742
1204	1817423	554747
1205	1817400	554745
1206	1817383	554748
1207	1817365	554750
1208	1817357	554749
1209	1817356	554749
1210	1817356	554749
1211	1817355	554748
1212	1817355	554748
1213	1817355	554749
1214	1817355	554750
1215	1817353	554754
1216	1817348	554760
1217	1817344	554766
1218	1817339	554771
1219	1817334	554778
1220	1817333	554784
1221	1817331	554792
1222	1817326	554800
1223	1817326	554806
1224	1817322	554808
1225	1817321	554809
1226	1817315	554812
1227	1817311	554817
1228	1817306	554822
1229	1817304	554826
1230	1817298	554830
1231	1817295	554835
1232	1817291	554838
1233	1817287	554841
1234	1817283	554845
1235	1817280	554848
1236	1817280	554845
1237	1817278	554844
1238	1817276	554842
1239	1817275	554839
1240	1817271	554837
1241	1817270	554836
1242	1817270	554836
1243	1817270	554834
1244	1817269	554831
1245	1817267	554829
1246	1817264	554827
1247	1817262	554827
1248	1817257	554831
1249	1817249	554836
1250	1817245	554837
1251	1817240	554838
1252	1817235	554838
1253	1817232	554838
1254	1817228	554841
1255	1817226	554843
1256	1817221	554846
1257	1817218	554847
1258	1817216	554849
1259	1817220	554854
1260	1817223	554857
1261	1817226	554862
1262	1817228	554865
1263	1817230	554870
1264	1817233	554873
1265	1817235	554877
1266	1817236	554881
1267	1817239	554882
1268	1817242	554885
1269	1817248	554887
1270	1817250	554887
1271	1817251	554888
1272	1817254	554889
1273	1817256	554890
1274	1817259	554893
1275	1817261	554895
1276	1817264	554896
1277	1817267	554898
1278	1817270	554898
1279	1817272	554898
1280	1817275	554897
1281	1817277	554896
1282	1817278	554895
1283	1817281	554893
1284	1817284	554894
1285	1817289	554895
1286	1817293	554893
1287	1817296	554888
1288	1817300	554883
1289	1817303	554878
1290	1817303	554876
1291	1817302	554873
1292	1817301	554869
1293	1817298	554864
1294	1817296	554862
1295	1817294	554860
1296	1817293	554857
1297	1817290	554857
1298	1817288	554855
1299	1817285	554851
1300	1817283	554850
1301	1817281	554847
1302	1817280	554845
1303	1817281	554843
1304	1817284	554839
1305	1817288	554835
1306	1817292	554834
1307	1817296	554830
1308	1817303	554826
1309	1817307	554820
1310	1817312	554818
1311	1817316	554815
1312	1817319	554811
1313	1817323	554808
1314	1817326	554806
1315	1817328	554805
1316	1817332	554799
1317	1817335	554793
1318	1817339	554787
1319	1817342	554781
1320	1817346	554774
1321	1817349	554765
1322	1817351	554758
1323	1817353	554753
1324	1817357	554749
1325	1817358	554748
1326	1817367	554749
1327	1817376	554748
1328	1817377	554748
1329	1817377	554748
1330	1817377	554747
1331	1817377	554747
1332	1817377	554748
1333	1817377	554747
1334	1817383	554745
1335	1817390	554742
1336	1817395	554743
1337	1817395	554745
1338	1817396	554746
1339	1817395	554744
1340	1817405	554743
1341	1817424	554744
1342	1817436	554745
1343	1817443	554741
1344	1817451	554733
1345	1817452	554720
1346	1817451	554705
1347	1817451	554691
1348	1817450	554672
1349	1817447	554656
1350	1817446	554640
1351	1817442	554626
1352	1817440	554613
1353	1817440	554594
1354	1817442	554570
1355	1817450	554537
1356	1817452	554486
1357	1817452	554423
1358	1817483	554374
1359	1817500	554317
1360	1817504	554263
1361	1817462	554229
1362	1817410	554193
1363	1817378	554137
1364	1817332	554093
1365	1817284	554060
1366	1817273	554000
1367	1817248	553940
1368	1817199	553896
1369	1817130	553869
1370	1817065	553848
1371	1817010	553827
1372	1816968	553807
1373	1816925	553786
1374	1816878	553764
1375	1816832	553743
1376	1820354	550254
1377	1820353	550255
1378	1820353	550256
1379	1820354	550260
1380	1820354	550258
1381	1820349	550255
1382	1820345	550255
1383	1820344	550260
1384	1820341	550263
1385	1820342	550262
1386	1820339	550262
1387	1820319	550253
1388	1820270	550217
1389	1820212	550173
1390	1820174	550150
1391	1820142	550133
1392	1820104	550115
1393	1820069	550098
1394	1820050	550087
1395	1820050	550088
1396	1820047	550088
1397	1820023	550076
1398	1819973	550065
1399	1819918	550069
1400	1819876	550090
1401	1819841	550120
1402	1819822	550128
1403	1819805	550138
1404	1819779	550154
1405	1819752	550170
1406	1819736	550167
1407	1819717	550126
1408	1819702	550080
1409	1819700	550060
1410	1819708	550042
1411	1819709	550040
1412	1819709	550038
1413	1819708	550036
1414	1819708	550036
1415	1819708	550036
1416	1819709	550036
1417	1819709	550036
1418	1819710	550036
1419	1819710	550036
1420	1819710	550036
1421	1819710	550037
1422	1819708	550038
1423	1819708	550038
1424	1819707	550038
1425	1819707	550038
1426	1819707	550038
1427	1819705	550041
1428	1819706	550041
1429	1819705	550043
1430	1819702	550049
1431	1819698	550056
1432	1819697	550066
1433	1819698	550073
1434	1819695	550077
1435	1819695	550077
1436	1819687	550080
1437	1819681	550075
1438	1819674	550071
1439	1819666	550068
1440	1819659	550068
1441	1819655	550074
1442	1819650	550075
1443	1819647	550075
1444	1819646	550081
1445	1819641	550085
1446	1819634	550088
1447	1819629	550089
1448	1819623	550092
1449	1819617	550093
1450	1819612	550097
1451	1819609	550100
1452	1819604	550106
1453	1819599	550106
1454	1819595	550109
1455	1819589	550113
1456	1819584	550110
1457	1819577	550112
1458	1819572	550114
1459	1819570	550117
1460	1819569	550122
1461	1819567	550129
1462	1819565	550130
1463	1819564	550131
1464	1819562	550138
1465	1819565	550147
1466	1819573	550153
1467	1819581	550158
1468	1819583	550165
1469	1819587	550169
1470	1819596	550171
1471	1819604	550173
1472	1819610	550178
1473	1819610	550170
1474	1819612	550163
1475	1819617	550156
1476	1819620	550153
1477	1819624	550149
1478	1819628	550147
1479	1819631	550143
1480	1819632	550138
1481	1819634	550136
1482	1819640	550132
1483	1819645	550130
1484	1819650	550129
1485	1819654	550129
1486	1819660	550129
1487	1819665	550126
1488	1819671	550121
1489	1819675	550120
1490	1819681	550115
1491	1819686	550112
1492	1819692	550109
1493	1819693	550104
1494	1819692	550097
1495	1819693	550091
1496	1819692	550083
1497	1819692	550077
1498	1819698	550069
1499	1819698	550063
1500	1819697	550058
1501	1819699	550056
1502	1819700	550052
1503	1819701	550050
1504	1819703	550046
1505	1819704	550044
1506	1819704	550044
1507	1819702	550042
1508	1819704	550043
1509	1819704	550043
1510	1819704	550043
1511	1819704	550044
1512	1819704	550045
1513	1819704	550045
1514	1819704	550045
1515	1819705	550045
1516	1819704	550044
1517	1819706	550042
1518	1819707	550040
1519	1819708	550040
1520	1819708	550039
1521	1819707	550040
1522	1819707	550040
1523	1819706	550043
1524	1819704	550045
1525	1819701	550047
1526	1819703	550049
1527	1819698	550063
1528	1819703	550090
1529	1819719	550133
1530	1819736	550165
1531	1819736	550179
1532	1819711	550198
1533	1819671	550235
1534	1819634	550280
1535	1819603	550324
1536	1819602	550328
1537	1819604	550327
1538	1819596	550335
1539	1819590	550338
1540	1819590	550336
1541	1819587	550336
1542	1819589	550334
1543	1819590	550333
1544	1819585	550331
1545	1819579	550327
1546	1819578	550326
1547	1819582	550332
1548	1819581	550329
1549	1819580	550329
1550	1819584	550325
1551	1819587	550326
1552	1819588	550325
1553	1819589	550327
1554	1819589	550328
1555	1819589	550328
1556	1819589	550330
1557	1819591	550330
1558	1819589	550327
1559	1819589	550328
1560	1819591	550327
1561	1819592	550327
1562	1819586	550324
1563	1819579	550320
1564	1819573	550317
1565	1819570	550313
1566	1819568	550311
1567	1819563	550306
1568	1819561	550303
1569	1819560	550303
1570	1819559	550304
1571	1819554	550308
1572	1819548	550310
1573	1819541	550306
1574	1819534	550303
1575	1819526	550301
1576	1819516	550302
1577	1819509	550301
1578	1819503	550301
1579	1819497	550299
1580	1819489	550301
1581	1819483	550298
1582	1819480	550291
1583	1819478	550284
1584	1819474	550278
1585	1819474	550273
1586	1819471	550273
1587	1819464	550272
1588	1819461	550272
1589	1819459	550272
1590	1819457	550272
1591	1819455	550271
1592	1819448	550270
1593	1819444	550262
1594	1819443	550252
1595	1819441	550241
1596	1819447	550233
1597	1819445	550227
1598	1819439	550220
1599	1819434	550212
1600	1819433	550205
1601	1819429	550199
1602	1819427	550193
1603	1819421	550184
1604	1819421	550176
1605	1819425	550167
1606	1819428	550159
1607	1819433	550151
1608	1819434	550142
1609	1819439	550140
1610	1819441	550134
1611	1819443	550129
1612	1819447	550120
1613	1819449	550111
1614	1819450	550104
1615	1819450	550099
1616	1819448	550096
1617	1819451	550087
1618	1819457	550081
1619	1819462	550079
1620	1819466	550085
1621	1819473	550087
1622	1819476	550093
1623	1819479	550098
1624	1819484	550103
1625	1819489	550110
1626	1819494	550118
1627	1819500	550125
1628	1819502	550133
1629	1819500	550139
1630	1819500	550146
1631	1819494	550150
1632	1819489	550154
1633	1819486	550162
1634	1819482	550169
1635	1819480	550173
1636	1819476	550177
1637	1819473	550178
1638	1819471	550182
1639	1819471	550189
1640	1819469	550197
1641	1819465	550202
1642	1819463	550210
1643	1819461	550216
1644	1819461	550219
1645	1819463	550224
1646	1819465	550228
1647	1819467	550233
1648	1819464	550235
1649	1819455	550233
1650	1819448	550233
1651	1819446	550233
1652	1819441	550241
1653	1819443	550250
1654	1819445	550260
1655	1819446	550267
1656	1819450	550272
1657	1819457	550273
1658	1819461	550272
1659	1819468	550273
1660	1819474	550277
1661	1819478	550280
1662	1819481	550288
1663	1819483	550294
1664	1819485	550300
1665	1819491	550301
1666	1819499	550305
1667	1819506	550304
1668	1819513	550305
1669	1819522	550308
1670	1819527	550313
1671	1819534	550313
1672	1819541	550317
1673	1819549	550318
1674	1819557	550317
1675	1819564	550319
1676	1819570	550313
1677	1819577	550318
1678	1819581	550326
1679	1819583	550325
1680	1819584	550325
1681	1819584	550324
1682	1819584	550325
1683	1819585	550327
1684	1819584	550327
1685	1819583	550326
1686	1819584	550327
1687	1819584	550329
1688	1819582	550329
1689	1819579	550329
1690	1819579	550328
1691	1819577	550326
1692	1819577	550325
1693	1819576	550323
1694	1819576	550322
1695	1819578	550323
1696	1819580	550325
1697	1819580	550325
1698	1819583	550328
1699	1819585	550332
1700	1819590	550336
1701	1819592	550337
1702	1819568	550361
1703	1819521	550403
1704	1819494	550430
1705	1819462	550454
1706	1819420	550439
1707	1819368	550406
1708	1819321	550413
1709	1819284	550432
1710	1819242	550469
1711	1819208	550492
1712	1819166	550499
1713	1819131	550475
1714	1819087	550448
1715	1819031	550416
1716	1818997	550391
1717	1818950	550371
1718	1818882	550344
1719	1818812	550323
1720	1818744	550300
1721	1818686	550282
1722	1818626	550270
1723	1818552	550259
1724	1818487	550247
1725	1818436	550229
1726	1818381	550199
1727	1818316	550155
1728	1818253	550108
1729	1818206	550061
1730	1818174	550036
1731	1818149	550002
1732	1818156	549946
1733	1818167	549888
1734	1818189	549856
1735	1818213	549839
1736	1818236	549815
1737	1818246	549768
1738	1818226	549720
1739	1818215	549697
1740	1818203	549668
1741	1818195	549650
1742	1818184	549627
1743	1818167	549598
1744	1818155	549582
1745	1818143	549564
1746	1818133	549542
1747	1818126	549516
1748	1818117	549495
1749	1818105	549479
1750	1818095	549454
1751	1818069	549404
1752	1818043	549358
1753	1817992	549308
1754	1817960	549269
1755	1817950	549258
1756	1817943	549261
1757	1817944	549263
1758	1817946	549262
1759	1817947	549262
1760	1817948	549261
1761	1817946	549259
1762	1817946	549257
1763	1817949	549259
1764	1817949	549260
1765	1817949	549259
1766	1817950	549259
1767	1817952	549259
1768	1817951	549259
1769	1817951	549259
1770	1817950	549259
1771	1817950	549260
1772	1817950	549261
1773	1817948	549260
1774	1817945	549259
1775	1817946	549258
1776	1817941	549250
1777	1817936	549241
1778	1817932	549227
1779	1817928	549221
1780	1817922	549208
1781	1817919	549198
1782	1817915	549195
1783	1817908	549181
1784	1817904	549179
1785	1817895	549171
1786	1817890	549167
1787	1817883	549160
1788	1817879	549152
1789	1817881	549145
1790	1817885	549132
1791	1817881	549126
1792	1817876	549117
1793	1817877	549106
1794	1817875	549094
1795	1817870	549083
1796	1817867	549071
1797	1817871	549060
1798	1817873	549052
1799	1817875	549042
1800	1817874	549026
1801	1817875	549001
1802	1817874	548986
1803	1817874	548988
1804	1817872	548983
1805	1817868	548976
1806	1817868	548971
1807	1817869	548971
1808	1817871	548968
1809	1817873	548964
1810	1817872	548959
1811	1817875	548953
1812	1817874	548943
1813	1817873	548935
1814	1817875	548925
1815	1817884	548924
1816	1817895	548930
1817	1817896	548938
1818	1817897	548943
1819	1817896	548951
1820	1817897	548946
1821	1817881	549142
1822	1817881	549141
1823	1817877	549143
1824	1817878	549141
1825	1817878	549142
1826	1817884	549139
1827	1817881	549128
1828	1817875	549119
1829	1817877	549108
1830	1817874	549095
1831	1817870	549083
1832	1817870	549072
1833	1817871	549059
1834	1817874	549050
1835	1817869	549040
1836	1817873	549026
1837	1817875	549015
1838	1817874	549002
1839	1817873	548992
1840	1817873	548985
1841	1817869	548981
1842	1817867	548975
1843	1817868	548970
1844	1817871	548967
1845	1817872	548963
1846	1817873	548960
1847	1817874	548957
1848	1817874	548950
1849	1817874	548941
1850	1817873	548933
1851	1817875	548926
1852	1817880	548921
1853	1817889	548926
1854	1817897	548932
1855	1817899	548935
1856	1817897	548937
1857	1817898	548942
1858	1817897	548945
1859	1817897	548944
1860	1817898	548945
1861	1817895	548952
1862	1817891	548960
1863	1817888	548968
1864	1817882	548971
1865	1817877	548979
1866	1817876	548986
1867	1817876	548991
1868	1817878	549001
1869	1817878	549012
1870	1817877	549023
1871	1817872	549032
1872	1817871	549041
1873	1817873	549049
1874	1817873	549052
1875	1817871	549062
1876	1817869	549071
1877	1817870	549082
1878	1817874	549091
1879	1817878	549101
1880	1817877	549112
1881	1817876	549122
1882	1817884	549129
1883	1817885	549138
1884	1817880	549142
1885	1817879	549142
1886	1817879	549143
1887	1817879	549144
1888	1817878	549145
1889	1817877	549143
1890	1817868	549142
1891	1817857	549146
1892	1817846	549141
1893	1817833	549144
1894	1817815	549155
1895	1817798	549166
1896	1817782	549176
1897	1817768	549189
1898	1817760	549191
1899	1817757	549191
1900	1817755	549191
1901	1817756	549192
1902	1817759	549190
1903	1817762	549185
1904	1817759	549182
1905	1817756	549181
1906	1817752	549180
1907	1817751	549177
1908	1817751	549175
1909	1817746	549174
1910	1817743	549174
1911	1817738	549173
1912	1817734	549172
1913	1817729	549172
1914	1817724	549170
1915	1817718	549169
1916	1817715	549170
1917	1817710	549169
1918	1817707	549168
1919	1817703	549166
1920	1817694	549163
1921	1817689	549162
1922	1817682	549159
1923	1817674	549159
1924	1817672	549161
1925	1817671	549163
1926	1817672	549166
1927	1817670	549170
1928	1817667	549173
1929	1817665	549175
1930	1817664	549178
1931	1817663	549181
1932	1817663	549183
1933	1817664	549185
1934	1817663	549188
1935	1817658	549191
1936	1817658	549194
1937	1817658	549198
1938	1817661	549201
1939	1817662	549205
1940	1817661	549208
1941	1817661	549211
1942	1817659	549214
1943	1817658	549218
1944	1817658	549221
1945	1817659	549224
1946	1817659	549230
1947	1817659	549235
1948	1817661	549243
1949	1817664	549250
1950	1817661	549255
1951	1817660	549262
1952	1817660	549265
1953	1817661	549271
1954	1817663	549277
1955	1817665	549279
1956	1817669	549281
1957	1817674	549278
1958	1817678	549273
1959	1817682	549270
1960	1817687	549270
1961	1817691	549269
1962	1817694	549268
1963	1817696	549266
1964	1817699	549265
1965	1817701	549265
1966	1817706	549262
1967	1817710	549260
1968	1817713	549258
1969	1817718	549256
1970	1817725	549253
1971	1817731	549250
1972	1817736	549248
1973	1817741	549245
1974	1817746	549241
1975	1817750	549239
1976	1817756	549235
1977	1817760	549230
1978	1817762	549226
1979	1817763	549222
1980	1817762	549218
1981	1817762	549215
1982	1817760	549212
1983	1817760	549207
1984	1817761	549202
1985	1817757	549198
1986	1817756	549193
1987	1817761	549192
1988	1817770	549185
1989	1817778	549178
1990	1817788	549171
1991	1817796	549164
1992	1817806	549158
1993	1817815	549153
1994	1817824	549148
1995	1817834	549144
1996	1817847	549141
1997	1817858	549146
1998	1817867	549151
1999	1817869	549152
2000	1817868	549152
2001	1817869	549152
2002	1817875	549156
2003	1818327	550587
2004	1818326	550588
2005	1818324	550587
2006	1818325	550587
2007	1818325	550587
2008	1818327	550585
2009	1818343	550596
2010	1818359	550599
2011	1818375	550606
2012	1818389	550607
2013	1818401	550610
2014	1818401	550615
2015	1818400	550620
2016	1818402	550624
2017	1818407	550625
2018	1818413	550628
2019	1818422	550628
2020	1818428	550633
2021	1818433	550640
2022	1818437	550646
2023	1818441	550651
2024	1818445	550658
2025	1818448	550663
2026	1818451	550669
2027	1818454	550673
2028	1818457	550676
2029	1818460	550679
2030	1818463	550684
2031	1818466	550688
2032	1818468	550691
2033	1818470	550695
2034	1818473	550698
2035	1818474	550700
2036	1818477	550704
2037	1818480	550708
2038	1818482	550711
2039	1818484	550715
2040	1818485	550719
2041	1818486	550720
2042	1818487	550719
2043	1818489	550716
2044	1818491	550712
2045	1818493	550705
2046	1818497	550699
2047	1818501	550695
2048	1818504	550691
2049	1818508	550686
2050	1818511	550682
2051	1818514	550677
2052	1818517	550674
2053	1818520	550670
2054	1818520	550666
2055	1818520	550662
2056	1818520	550657
2057	1818520	550652
2058	1818522	550649
2059	1818525	550643
2060	1818532	550639
2061	1818536	550636
2062	1818540	550635
2063	1818545	550635
2064	1818550	550633
2065	1818553	550630
2066	1818557	550625
2067	1818556	550620
2068	1818557	550616
2069	1818556	550614
2070	1818556	550612
2071	1818555	550611
2072	1818553	550610
2073	1818552	550609
2074	1818550	550608
2075	1818545	550608
2076	1818541	550609
2077	1818540	550607
2078	1818536	550608
2079	1818533	550608
2080	1818532	550604
2081	1818533	550598
2082	1818526	550592
2083	1818519	550593
2084	1818512	550594
2085	1818505	550593
2086	1818496	550591
2087	1818486	550588
2088	1818476	550587
2089	1818466	550586
2090	1818456	550588
2091	1818447	550589
2092	1818439	550592
2093	1818430	550592
2094	1818423	550594
2095	1818413	550594
2096	1818406	550595
2097	1818404	550604
2098	1818396	550606
2099	1818383	550608
2100	1818372	550604
2101	1818362	550599
2102	1818350	550598
2103	1818340	550596
2104	1818331	550590
2105	1818328	550586
2106	1818327	550587
2107	1818324	550590
2108	1818315	550597
2109	1818321	550592
2110	1818315	550558
2111	1818305	550507
2112	1818275	550465
2113	1818259	550441
2114	1818260	550442
2115	1818260	550441
2116	1818260	550441
2117	1818259	550442
2118	1818746	551440
2119	1818745	551439
2120	1818746	551438
2121	1818746	551437
2122	1818746	551438
2123	1818745	551438
2124	1818745	551438
