T1,1833124.338,544765.303,0.000,,
T0,1833014.898,544798.098,-3.584,,
1,1833211.180,544762.108,4.297,,
2,1833209.120,544753.507,3.636,,
3,1833192.617,544757.186,2.976,,
4,1833161.744,544764.086,1.482,,
5,1833130.462,544770.940,-0.003,,
6,1833099.196,544777.691,-1.356,,
7,1833013.400,544795.819,-3.883,,
8,1832888.503,544831.006,-4.168,,
9,1832888.569,544830.988,-4.203,,
T11,1833268.458,544737.206,8.722,,
T12,1833016.197,544806.442,-1.110,,
TR1,1833014.898,544798.098,0.032,,
T10,1832990.952,544803.431,0.000,,
10,1832990.952,544803.431,179769313486231570000000000000000000000000000000000000000000000000000000000000000000000000000000000000000000000000000000000000000000000000000000000000000000000000000000000000000000000000000000000000000000000000000000000000000000000000000000000000000000000000000000000000000000000000000000000000000000000000000.000,,
