K1,1835481.293,543393.029,-1.162,,
T1,1835481.372,543345.864,0.000,,
1,1835480.432,543368.426,-0.685,,
2,1835476.899,543368.510,-0.728,,
3,1835481.632,543386.965,-1.210,,
4,1835478.128,543387.575,-1.197,,
5,1835479.065,543390.909,-1.300,,
6,1835482.227,543389.204,-1.316,,
7,1835486.775,543401.167,-1.511,,
8,1835489.542,543399.396,-1.579,,
9,1835511.165,543424.759,-1.010,,
10,1835513.422,543422.543,-1.044,,
11,1835519.081,543432.749,-0.330,,
12,1835521.301,543431.195,-0.319,,
13,1835525.850,543440.795,0.921,,
14,1835525.861,543440.806,0.922,,
15,1835533.669,543450.016,2.075,,
16,1835533.668,543450.015,2.077,,
17,1835536.010,543447.912,0.890,,
18,1835550.337,543468.716,3.894,,
19,1835550.343,543468.723,3.897,,
20,1835551.904,543465.405,2.348,,
21,1835497.555,543466.367,2.715,,
22,1835507.648,543474.728,3.843,,
23,1835522.125,543497.251,6.843,,
T2,1835481.372,543345.865,0.000,,
24,1835520.013,543247.924,3.062,,
25,1835478.581,543355.333,-0.341,,
26,1835482.127,543356.139,-0.591,,
27,1835461.684,543350.773,-0.468,,
28,1835463.411,543343.083,-0.194,,
29,1835463.863,543328.661,0.925,,
30,1835469.354,543330.578,0.636,,
31,1835483.797,543336.245,0.030,,
32,1835484.196,543336.308,-0.081,,
33,1835487.610,543337.283,-0.020,,
34,1835482.054,543342.968,-0.237,,
35,1835485.168,543344.768,-0.179,,
36,1835483.805,543349.801,-0.395,,
37,1835488.973,543186.671,4.820,,
38,1835245.878,543370.050,0.411,,
39,1835238.109,543376.406,179769313486231570000000000000000000000000000000000000000000000000000000000000000000000000000000000000000000000000000000000000000000000000000000000000000000000000000000000000000000000000000000000000000000000000000000000000000000000000000000000000000000000000000000000000000000000000000000000000000000000000000.000,,
40,1835232.579,543367.036,179769313486231570000000000000000000000000000000000000000000000000000000000000000000000000000000000000000000000000000000000000000000000000000000000000000000000000000000000000000000000000000000000000000000000000000000000000000000000000000000000000000000000000000000000000000000000000000000000000000000000000000.000,,
41,1835241.496,543361.074,179769313486231570000000000000000000000000000000000000000000000000000000000000000000000000000000000000000000000000000000000000000000000000000000000000000000000000000000000000000000000000000000000000000000000000000000000000000000000000000000000000000000000000000000000000000000000000000000000000000000000000000.000,,
42,1835248.650,543368.924,179769313486231570000000000000000000000000000000000000000000000000000000000000000000000000000000000000000000000000000000000000000000000000000000000000000000000000000000000000000000000000000000000000000000000000000000000000000000000000000000000000000000000000000000000000000000000000000000000000000000000000000.000,,
43,1835249.969,543375.634,179769313486231570000000000000000000000000000000000000000000000000000000000000000000000000000000000000000000000000000000000000000000000000000000000000000000000000000000000000000000000000000000000000000000000000000000000000000000000000000000000000000000000000000000000000000000000000000000000000000000000000000.000,,
44,1835249.524,543377.027,179769313486231570000000000000000000000000000000000000000000000000000000000000000000000000000000000000000000000000000000000000000000000000000000000000000000000000000000000000000000000000000000000000000000000000000000000000000000000000000000000000000000000000000000000000000000000000000000000000000000000000000.000,,
45,1835252.797,543377.248,179769313486231570000000000000000000000000000000000000000000000000000000000000000000000000000000000000000000000000000000000000000000000000000000000000000000000000000000000000000000000000000000000000000000000000000000000000000000000000000000000000000000000000000000000000000000000000000000000000000000000000000.000,,
46,1835233.766,543386.179,179769313486231570000000000000000000000000000000000000000000000000000000000000000000000000000000000000000000000000000000000000000000000000000000000000000000000000000000000000000000000000000000000000000000000000000000000000000000000000000000000000000000000000000000000000000000000000000000000000000000000000000.000,,
47,1835230.837,543380.896,179769313486231570000000000000000000000000000000000000000000000000000000000000000000000000000000000000000000000000000000000000000000000000000000000000000000000000000000000000000000000000000000000000000000000000000000000000000000000000000000000000000000000000000000000000000000000000000000000000000000000000000.000,,
48,1835255.780,543384.685,179769313486231570000000000000000000000000000000000000000000000000000000000000000000000000000000000000000000000000000000000000000000000000000000000000000000000000000000000000000000000000000000000000000000000000000000000000000000000000000000000000000000000000000000000000000000000000000000000000000000000000000.000,,
49,1835256.845,543383.911,179769313486231570000000000000000000000000000000000000000000000000000000000000000000000000000000000000000000000000000000000000000000000000000000000000000000000000000000000000000000000000000000000000000000000000000000000000000000000000000000000000000000000000000000000000000000000000000000000000000000000000000.000,,
50,1835270.067,543408.045,179769313486231570000000000000000000000000000000000000000000000000000000000000000000000000000000000000000000000000000000000000000000000000000000000000000000000000000000000000000000000000000000000000000000000000000000000000000000000000000000000000000000000000000000000000000000000000000000000000000000000000000.000,,
51,1835271.093,543407.440,179769313486231570000000000000000000000000000000000000000000000000000000000000000000000000000000000000000000000000000000000000000000000000000000000000000000000000000000000000000000000000000000000000000000000000000000000000000000000000000000000000000000000000000000000000000000000000000000000000000000000000000.000,,
52,1835273.536,543413.698,179769313486231570000000000000000000000000000000000000000000000000000000000000000000000000000000000000000000000000000000000000000000000000000000000000000000000000000000000000000000000000000000000000000000000000000000000000000000000000000000000000000000000000000000000000000000000000000000000000000000000000000.000,,
53,1835280.081,543425.214,179769313486231570000000000000000000000000000000000000000000000000000000000000000000000000000000000000000000000000000000000000000000000000000000000000000000000000000000000000000000000000000000000000000000000000000000000000000000000000000000000000000000000000000000000000000000000000000000000000000000000000000.000,,
54,1835256.102,543387.664,179769313486231570000000000000000000000000000000000000000000000000000000000000000000000000000000000000000000000000000000000000000000000000000000000000000000000000000000000000000000000000000000000000000000000000000000000000000000000000000000000000000000000000000000000000000000000000000000000000000000000000000.000,,
55,1835247.701,543412.843,-0.598,,
56,1835242.103,543401.543,-0.073,,
57,1835252.933,543424.137,0.133,,
58,1835262.057,543439.630,0.131,,
59,1835488.952,543186.645,6.617,,
60,1835008.751,543527.809,-4.546,,
61,1834768.229,543811.098,179769313486231570000000000000000000000000000000000000000000000000000000000000000000000000000000000000000000000000000000000000000000000000000000000000000000000000000000000000000000000000000000000000000000000000000000000000000000000000000000000000000000000000000000000000000000000000000000000000000000000000000.000,,
H1,1828064.984,543558.970,0.000,,
D1,1828079.081,543419.629,-5.355,,
62,1828068.619,543524.404,-1.637,,
63,1828075.754,543525.956,-1.489,,
64,1828077.793,543526.185,-1.532,,
65,1828075.452,543535.957,-1.225,,
66,1828073.559,543535.612,-1.111,,
67,1828066.465,543534.965,-1.229,,
68,1828064.081,543542.507,-0.915,,
69,1828070.915,543545.198,-0.752,,
70,1828072.668,543545.648,-0.865,,
71,1828069.603,543554.007,-0.496,,
72,1828067.843,543553.381,-0.428,,
73,1828060.601,543551.010,-0.623,,
74,1828055.224,543562.572,-0.197,,
75,1828061.063,543566.504,-0.028,,
76,1828063.057,543567.680,-0.086,,
77,1828052.078,543579.857,0.398,,
78,1828053.503,543581.010,0.388,,
79,1828045.890,543576.592,0.320,,
80,1828037.381,543586.685,0.670,,
81,1828042.074,543591.071,0.796,,
82,1828043.654,543592.510,0.763,,
83,1827989.330,543635.013,2.804,,
84,1828053.915,543582.307,0.440,,
85,1828058.715,543574.561,0.141,,
86,1828069.922,543560.874,-0.245,,
87,1828073.464,543545.053,-0.887,,
88,1828044.470,543588.097,0.699,,
89,1828072.244,543637.320,2.435,,
90,1828077.899,543631.552,2.354,,
91,1828073.670,543650.802,3.042,,
92,1828079.216,543635.171,2.139,,
93,1828096.642,543607.009,1.254,,
94,1828106.043,543616.925,-0.360,,
95,1828140.884,543702.536,5.519,,
96,1828095.899,543714.810,6.358,,
S1,1840219.580,550788.350,0.000,,
TS1,1840193.527,551108.071,0.411,,
97,1840206.047,550994.733,-2.820,,
98,1840259.974,551018.252,1.973,,
99,1840456.003,550507.258,11.659,,
100,1840218.188,550999.668,-2.760,,
101,1840227.181,551008.586,-2.418,,
102,1840230.071,551003.142,-2.416,,
103,1840238.700,551017.869,-0.918,,
104,1840261.231,551033.147,-1.405,,
105,1840277.667,551007.677,-6.141,,
106,1840266.150,551000.752,-4.493,,
107,1840260.528,550993.502,-4.783,,
108,1840238.149,550981.225,-4.721,,
109,1840216.070,550967.064,-5.123,,
110,1840207.184,550956.008,-5.087,,
111,1840223.666,551015.168,-0.163,,
112,1840215.428,551013.095,-0.541,,
T47,1835230.833,543380.899,0.000,,
