1	1819735	549389
2	1819735	549389
3	1819736	549389
4	1819739	549388
5	1819781	549380
6	1819818	549361
7	1819821	549356
8	1819824	549351
9	1819836	549340
10	1819857	549317
11	1819860	549316
12	1819862	549316
13	1819867	549322
14	1819928	549402
15	1819961	549421
16	1820124	549424
17	1820163	549427
18	1820187	549439
19	1820236	549495
20	1820239	549567
21	1820223	549593
22	1820185	549626
23	1820178	549632
24	1820070	549713
25	1820062	549719
26	1820001	549759
27	1819980	549784
28	1819957	549825
29	1819886	549899
30	1819828	549947
31	1819778	549981
32	1819707	550047
33	1819701	550088
34	1819709	550109
35	1819723	550145
36	1819738	550170
37	1819739	550175
38	1819739	550171
39	1819739	550171
40	1819747	550169
41	1819790	550151
42	1819791	550152
43	1819791	550151
44	1819791	550154
45	1819793	550152
46	1827091	546142
47	1827092	546142
48	1827093	546141
49	1827091	546125
50	1827092	546124
51	1827092	546125
52	1827093	546126
53	1827093	546124
54	1827093	546123
55	1827093	546125
56	1827095	546125
57	1827105	546129
58	1827110	546130
59	1827119	546134
60	1827123	546136
61	1827129	546133
62	1827126	546126
63	1827126	546125
64	1827117	546111
65	1827116	546108
66	1827111	546103
67	1827107	546097
68	1827099	546086
69	1827096	546077
70	1827089	546074
71	1827084	546071
72	1827079	546063
73	1827068	546059
74	1827068	546059
75	1827065	546056
76	1827058	546042
77	1827057	546038
78	1827052	546021
79	1827045	546012
80	1827041	546004
81	1827039	545999
82	1827034	545990
83	1827034	545983
84	1827032	545979
85	1827022	545973
86	1827013	545964
87	1827009	545965
88	1827002	545975
89	1826994	545974
90	1826990	545982
91	1826988	545988
92	1826986	545995
93	1826984	546008
94	1826986	546018
95	1826987	546024
96	1826984	546034
97	1826985	546038
98	1827003	546053
99	1827020	546067
100	1827031	546074
101	1827056	546097
102	1827080	546116
103	1827093	546124
104	1827114	546134
105	1827118	546133
106	1827127	546135
107	1827128	546135
108	1827105	546131
109	1827097	546127
110	1827092	546126
111	1827086	546123
112	1827079	546117
113	1827074	546113
114	1827067	546107
115	1827052	546095
116	1827039	546081
117	1827028	546074
118	1827024	546069
119	1827023	546068
120	1827019	546065
121	1827016	546064
122	1827010	546058
123	1827006	546054
124	1826987	546037
125	1826978	546039
126	1826973	546034
127	1826975	546035
128	1826975	546035
129	1826978	546029
130	1826981	546024
131	1826979	546017
132	1826979	546015
133	1826980	546007
134	1826981	546002
135	1826984	545994
136	1826984	545989
137	1826985	545979
138	1826982	545976
139	1826981	545974
140	1826977	545963
141	1826972	545961
142	1826968	545960
143	1826965	545956
144	1826953	545953
145	1826946	545952
146	1826940	545960
147	1826940	545962
148	1826933	545965
149	1826926	545972
150	1826919	545981
151	1826913	545989
152	1826908	545997
153	1826907	546002
154	1826905	546009
155	1826906	546009
156	1826910	546009
157	1826930	546007
158	1826946	546015
159	1826953	546018
160	1826962	546026
161	1826969	546033
162	1826974	546035
163	1826972	546037
164	1826970	546040
165	1826966	546046
166	1826964	546049
167	1826961	546057
168	1826957	546064
169	1826958	546071
170	1826956	546076
171	1826956	546078
172	1826951	546090
173	1826949	546093
174	1826949	546094
175	1826944	546103
176	1826939	546114
177	1826935	546121
178	1826928	546131
179	1826925	546134
180	1826921	546135
181	1826919	546126
182	1826919	546119
183	1826917	546105
184	1826914	546089
185	1826905	546070
186	1826895	546047
187	1826884	546026
188	1826882	546023
189	1826881	546017
190	1826882	546013
191	1826887	546012
192	1826893	546011
193	1826899	546011
194	1826914	546008
195	1826937	546010
196	1826953	546022
197	1826971	546036
198	1826971	546036
199	1826971	546033
200	1826960	546027
201	1826957	546025
202	1826941	546014
203	1826933	546010
204	1826910	546010
205	1826903	546011
206	1826902	546010
207	1826904	546008
208	1826904	546007
209	1826905	546004
210	1826911	545990
211	1826917	545978
212	1826921	545973
213	1826923	545967
214	1826920	545962
215	1826918	545959
216	1826916	545953
217	1826920	545944
218	1826923	545940
219	1826924	545939
220	1826922	545925
221	1826919	545917
222	1826906	545912
223	1826895	545913
224	1826892	545912
225	1826881	545911
226	1826873	545910
227	1826871	545902
228	1826874	545894
229	1826868	545887
230	1826859	545882
231	1826860	545877
232	1826858	545871
233	1826855	545859
234	1826850	545858
235	1826850	545858
236	1826846	545859
237	1826845	545867
238	1826845	545868
239	1826841	545875
240	1826842	545876
241	1826841	545878
242	1826844	545893
243	1826842	545903
244	1826841	545909
245	1826838	545914
246	1826836	545916
247	1826834	545923
248	1826832	545933
249	1826836	545939
250	1826838	545943
251	1826836	545955
252	1826828	545957
253	1826826	545959
254	1826824	545960
255	1826822	545968
256	1826821	545969
257	1826818	545976
258	1826811	545980
259	1826800	545987
260	1826798	545994
261	1826801	546002
262	1826801	546008
263	1826795	546019
264	1826798	546020
265	1826811	546019
266	1826825	546015
267	1826829	546014
268	1826843	546013
269	1826858	546014
270	1826879	546009
271	1826895	546010
272	1826899	546010
273	1826901	546009
274	1826896	546011
275	1826897	546009
276	1826895	546010
277	1826883	546012
278	1826882	546013
279	1826880	546015
280	1826886	546033
281	1826900	546059
282	1826910	546081
283	1826916	546097
284	1826917	546100
285	1826919	546120
286	1826923	546138
287	1826930	546158
288	1826939	546178
289	1826945	546189
290	1826954	546201
291	1826972	546220
292	1826977	546226
293	1826998	546272
294	1827009	546301
295	1827014	546314
296	1827018	546328
297	1827006	546350
298	1826985	546364
299	1826986	546363
300	1826985	546362
301	1826986	546362
302	1826985	546363
303	1826984	546362
304	1826985	546362
305	1826982	546365
306	1826983	546365
307	1826982	546363
308	1826984	546364
309	1826985	546362
310	1826987	546362
311	1826986	546363
312	1826985	546362
313	1826986	546362
314	1826987	546361
315	1826987	546361
316	1826986	546361
317	1826985	546362
318	1826986	546363
319	1826986	546362
320	1826986	546362
321	1826986	546362
322	1826985	546362
323	1826985	546360
324	1826985	546361
325	1826984	546360
326	1826985	546360
327	1826985	546363
328	1826980	546364
329	1826986	546363
330	1826987	546362
331	1826987	546361
332	1826986	546362
333	1826986	546362
334	1826986	546362
335	1826985	546363
336	1826982	546361
337	1826982	546363
338	1826986	546360
339	1826986	546362
340	1826985	546363
341	1826987	546365
342	1826987	546365
343	1826986	546365
344	1826987	546364
345	1826987	546364
346	1826985	546364
347	1826986	546365
348	1826987	546364
349	1826987	546364
350	1826986	546364
351	1826986	546364
352	1826986	546363
353	1826986	546363
354	1826987	546363
355	1826987	546362
356	1826974	546365
357	1826961	546369
358	1826957	546369
359	1826943	546371
360	1826930	546371
361	1826928	546371
362	1826925	546372
363	1826927	546382
364	1826928	546384
365	1826935	546383
366	1826940	546392
367	1826947	546406
368	1826951	546415
369	1826955	546420
370	1826958	546428
371	1826960	546432
372	1826966	546445
373	1826969	546451
374	1826974	546454
375	1826982	546453
376	1826987	546451
377	1826991	546451
378	1826993	546448
379	1826995	546443
380	1826997	546441
381	1827007	546437
382	1827014	546431
383	1827017	546429
384	1827024	546428
385	1827034	546423
386	1827035	546422
387	1827036	546413
388	1827030	546405
389	1827025	546401
390	1827020	546394
391	1827020	546394
392	1827012	546387
393	1827012	546380
394	1827008	546374
395	1827004	546366
396	1827004	546363
397	1826998	546362
398	1826996	546360
399	1826994	546358
400	1826987	546361
401	1826987	546363
402	1826986	546362
403	1826988	546362
404	1827015	546340
405	1827014	546312
406	1827012	546308
407	1827006	546295
408	1827004	546287
409	1827000	546276
410	1826986	546245
411	1826962	546212
412	1826946	546189
413	1826936	546173
414	1826929	546155
415	1826921	546136
416	1826919	546119
417	1826917	546108
418	1826914	546092
419	1826907	546077
420	1826897	546054
421	1826886	546032
422	1826881	546026
423	1826880	546014
424	1826877	546011
425	1826853	546015
426	1826830	546016
427	1826808	546018
428	1826792	546022
429	1826791	546022
430	1826768	546019
431	1826767	546019
432	1826768	546020
433	1826769	546019
434	1826783	546016
435	1826789	546014
436	1826791	546004
437	1826789	545998
438	1826793	545986
439	1826803	545976
440	1826807	545972
441	1826808	545970
442	1826814	545963
443	1826811	545952
444	1826812	545949
445	1826818	545943
446	1826819	545933
447	1826820	545924
448	1826824	545921
449	1826826	545918
450	1826830	545916
451	1826831	545913
452	1826831	545909
453	1826835	545905
454	1826836	545900
455	1826840	545894
456	1826839	545889
457	1826837	545885
458	1826834	545884
459	1826832	545877
460	1826832	545871
461	1826834	545865
462	1826837	545859
463	1826837	545856
464	1826830	545847
465	1826825	545839
466	1826823	545837
467	1826812	545838
468	1826807	545837
469	1826795	545836
470	1826783	545852
471	1826775	545858
472	1826775	545860
473	1826772	545872
474	1826771	545874
475	1826769	545879
476	1826769	545882
477	1826769	545885
478	1826766	545898
479	1826764	545909
480	1826763	545912
481	1826763	545915
482	1826760	545922
483	1826759	545927
484	1826757	545932
485	1826755	545943
486	1826753	545950
487	1826752	545954
488	1826751	545957
489	1826750	545959
490	1826749	545963
491	1826744	545979
492	1826743	545984
493	1826738	545997
494	1826735	546007
495	1826736	546012
496	1826736	546014
497	1826735	546017
498	1826735	546020
499	1826747	546022
500	1826759	546022
501	1826762	546020
502	1826771	546019
503	1826765	546019
504	1826763	546020
505	1826759	546019
506	1826757	546020
507	1826738	546022
508	1826735	546021
509	1826735	546016
510	1826736	546007
511	1826737	546001
512	1826740	545993
513	1826743	545982
514	1826746	545974
515	1826748	545964
516	1826751	545952
517	1826754	545942
518	1826757	545932
519	1826758	545927
520	1826760	545919
521	1826762	545911
522	1826765	545901
523	1826767	545891
524	1826768	545883
525	1826771	545874
526	1826773	545867
527	1826774	545858
528	1826773	545855
529	1826764	545856
530	1826758	545857
531	1826757	545859
532	1826756	545859
533	1826751	545860
534	1826743	545864
535	1826733	545868
536	1826723	545872
537	1826714	545875
538	1826701	545880
539	1826696	545884
540	1826695	545891
541	1826694	545898
542	1826692	545906
543	1826690	545915
544	1826688	545923
545	1826686	545933
546	1826685	545942
547	1826683	545950
548	1826680	545958
549	1826678	545967
550	1826676	545974
551	1826675	545983
552	1826673	545989
553	1826671	545998
554	1826669	546004
555	1826667	546013
556	1826665	546018
557	1826665	546023
558	1826674	546024
559	1826693	546023
560	1826706	546022
561	1826721	546022
562	1826734	546022
563	1826736	546021
564	1826736	546019
565	1826736	546019
566	1826735	546019
567	1826734	546019
568	1826730	546020
569	1826720	546022
570	1826709	546021
571	1826707	546021
572	1826684	546023
573	1826664	546024
574	1826666	546023
575	1826670	546000
576	1826675	545978
577	1826679	545960
578	1826680	545953
579	1826686	545930
580	1826689	545914
581	1826691	545904
582	1826693	545898
583	1826693	545891
584	1826692	545891
585	1826690	545891
586	1826687	545889
587	1826686	545894
588	1826675	545891
589	1826663	545901
590	1826660	545904
591	1826658	545903
592	1826651	545900
593	1826644	545904
594	1826630	545910
595	1826620	545914
596	1826619	545918
597	1826617	545932
598	1826614	545942
599	1826609	545959
600	1826608	545960
601	1826602	545978
602	1826598	545994
603	1826598	545998
604	1826599	546001
605	1826597	546005
606	1826594	546017
607	1826592	546026
608	1826592	546029
609	1826617	546027
610	1826632	546026
611	1826650	546025
612	1826664	546024
613	1826660	546024
614	1826647	546027
615	1826646	546027
616	1826632	546027
617	1826621	546028
618	1826619	546028
619	1826616	546028
620	1826596	546029
621	1826589	546030
622	1826589	546030
623	1826590	546030
624	1826592	546019
625	1826595	546009
626	1826598	545997
627	1826600	545987
628	1826602	545982
629	1826607	545964
630	1826610	545952
631	1826615	545935
632	1826617	545921
633	1826615	545912
634	1826614	545912
635	1826606	545912
636	1826597	545913
637	1826589	545914
638	1826579	545915
639	1826576	545917
640	1826577	545926
641	1826577	545935
642	1826577	545946
643	1826576	545955
644	1826574	545965
645	1826572	545977
646	1826569	545982
647	1826565	545997
648	1826562	546007
649	1826557	546018
650	1826554	546030
651	1826554	546031
652	1826564	546031
653	1826585	546030
654	1826591	546029
655	1826579	546029
656	1826576	546029
657	1826574	546029
658	1826568	546030
659	1826555	546032
660	1826556	546021
661	1826559	546012
662	1826563	546003
663	1826565	545995
664	1826568	545987
665	1826572	545977
666	1826573	545973
667	1826576	545963
668	1826576	545954
669	1826576	545947
670	1826577	545939
671	1826576	545931
672	1826576	545923
673	1826574	545916
674	1826572	545919
675	1826567	545921
676	1826559	545929
677	1826550	545935
678	1826541	545939
679	1826535	545945
680	1826530	545943
681	1826524	545945
682	1826515	545951
683	1826507	545954
684	1826508	545966
685	1826507	545978
686	1826503	545992
687	1826498	546001
688	1826496	546003
689	1826494	546008
690	1826489	546022
691	1826488	546025
692	1826486	546030
693	1826489	546038
694	1826505	546036
695	1826521	546033
696	1826542	546031
697	1826550	546030
698	1826554	546030
699	1826520	546036
700	1826500	546040
701	1826483	546034
702	1826490	546013
703	1826496	545998
704	1826502	545986
705	1826496	545987
706	1826484	545986
707	1826473	545985
708	1826468	545984
709	1826465	545985
710	1826451	545980
711	1826449	545981
712	1826435	545978
713	1826434	545980
714	1826430	545981
715	1826423	545988
716	1826422	545990
717	1826416	545996
718	1826413	546000
719	1826411	546003
720	1826403	546011
721	1826399	546017
722	1826398	546025
723	1826403	546027
724	1826413	546031
725	1826427	546037
726	1826434	546036
727	1826438	546037
728	1826448	546038
729	1826451	546039
730	1826472	546038
731	1826487	546037
732	1826463	546039
733	1826460	546041
734	1826455	546039
735	1826455	546039
736	1826453	546039
737	1826434	546039
738	1826431	546039
739	1826409	546033
740	1826404	546029
741	1826393	546021
742	1826403	546008
743	1826405	546006
744	1826401	545995
745	1826399	545994
746	1826392	545985
747	1826386	545976
748	1826380	545968
749	1826380	545968
750	1826375	545962
751	1826370	545958
752	1826365	545952
753	1826361	545949
754	1826359	545949
755	1826355	545945
756	1826352	545942
757	1826350	545938
758	1826346	545927
759	1826343	545922
760	1826337	545914
761	1826330	545903
762	1826325	545890
763	1826319	545912
764	1826316	545917
765	1826314	545920
766	1826305	545926
767	1826300	545924
768	1826297	545927
769	1826289	545933
770	1826275	545939
771	1826265	545935
772	1826261	545933
773	1826257	545938
774	1826258	545952
775	1826263	545962
776	1826267	545964
777	1826268	545969
778	1826272	545978
779	1826284	545990
780	1826287	545993
781	1826288	545994
782	1826293	546002
783	1826294	546005
784	1826298	546014
785	1826300	546017
786	1826318	546025
787	1826321	546032
788	1826321	546042
789	1826324	546050
790	1826326	546049
791	1826331	546040
792	1826334	546036
793	1826341	546029
794	1826344	546025
795	1826358	546009
796	1826359	546007
797	1826361	546006
798	1826384	546019
799	1826394	546023
800	1826399	546027
801	1826411	546033
802	1826434	546040
803	1826446	546038
804	1826449	546035
805	1826448	546033
806	1826452	546015
807	1826462	545992
808	1826464	545986
809	1826457	545983
810	1826440	545977
811	1826433	545971
812	1826426	545963
813	1826417	545948
814	1826410	545940
815	1826400	545927
816	1826393	545917
817	1826386	545907
818	1826377	545894
819	1826366	545881
820	1826364	545880
821	1826358	545879
822	1826351	545870
823	1826347	545869
824	1826342	545872
825	1826342	545875
826	1826341	545882
827	1826341	545887
828	1826337	545892
829	1826332	545897
830	1826333	545903
831	1826341	545886
832	1826338	545876
833	1826326	545890
834	1826326	545892
835	1826334	545906
836	1826334	545907
837	1826335	545908
838	1826341	545916
839	1826347	545927
840	1826348	545934
841	1826353	545938
842	1826358	545948
843	1826361	545949
844	1826364	545952
845	1826368	545959
846	1826371	545961
847	1826378	545968
848	1826385	545977
849	1826390	545981
850	1826395	545989
851	1826401	545996
852	1826408	546000
853	1826417	545992
854	1826425	545984
855	1826431	545979
856	1826436	545976
857	1826440	545976
858	1826451	545980
859	1826447	545979
860	1826446	545979
861	1826436	545975
862	1826429	545966
863	1826425	545961
864	1826422	545955
865	1826412	545945
866	1826406	545938
867	1826401	545932
868	1826396	545920
869	1826390	545912
870	1826383	545904
871	1826382	545899
872	1826377	545896
873	1826368	545886
874	1826364	545884
875	1826356	545875
876	1826356	545865
877	1826359	545863
878	1826372	545863
879	1826376	545855
880	1826384	545853
881	1826374	545847
882	1826367	545842
883	1826361	545839
884	1826359	545836
885	1826353	545832
886	1826348	545827
887	1826346	545826
888	1826339	545820
889	1826333	545817
890	1826327	545814
891	1826326	545812
892	1826325	545817
893	1826327	545815
894	1826323	545815
895	1826323	545812
896	1826323	545810
897	1826315	545803
898	1826307	545798
899	1826299	545790
900	1826291	545784
901	1826284	545779
902	1826283	545780
903	1826279	545775
904	1826276	545771
905	1826270	545765
906	1826262	545767
907	1826257	545770
908	1826252	545775
909	1826246	545780
910	1826239	545788
911	1826238	545792
912	1826245	545802
913	1826252	545810
914	1826261	545820
915	1826270	545831
916	1826275	545841
917	1826278	545846
918	1826284	545856
919	1826285	545861
920	1826288	545871
921	1826289	545874
922	1826292	545884
923	1826295	545889
924	1826297	545897
925	1826301	545906
926	1826302	545913
927	1826305	545919
928	1826314	545914
929	1826317	545908
930	1826318	545894
931	1826324	545888
932	1826325	545885
933	1826336	545876
934	1826342	545870
935	1826345	545864
936	1826359	545863
937	1826371	545864
938	1826376	545857
939	1826378	545857
940	1826384	545852
941	1826383	545856
942	1826374	545859
943	1826371	545861
944	1826371	545863
945	1826367	545866
946	1826355	545865
947	1826354	545876
948	1826356	545878
949	1826361	545880
950	1826368	545885
951	1826374	545891
952	1826381	545899
953	1826386	545907
954	1826391	545911
955	1826395	545917
956	1826399	545924
957	1826399	545928
958	1826403	545932
959	1826403	545934
960	1826406	545936
961	1826412	545946
962	1826419	545954
963	1826425	545962
964	1826429	545966
965	1826435	545973
966	1826438	545977
967	1826442	545978
968	1826450	545980
969	1826455	545983
970	1826455	545982
971	1826455	545982
972	1826455	545982
973	1826458	545983
974	1826455	545979
975	1826438	545976
976	1826435	545972
977	1826428	545963
978	1826424	545958
979	1826417	545948
980	1826412	545940
981	1826407	545935
982	1826401	545926
983	1826398	545922
984	1826394	545913
985	1826388	545906
986	1826382	545899
987	1826375	545891
988	1826373	545886
989	1826367	545879
990	1826364	545876
991	1826364	545870
992	1826366	545867
993	1826381	545855
994	1826381	545845
995	1826384	545835
996	1826391	545837
997	1826402	545845
998	1826407	545852
999	1826414	545860
1000	1826417	545864
1001	1826419	545866
1002	1826423	545872
1003	1826423	545872
1004	1826427	545876
1005	1826430	545880
1006	1826434	545889
1007	1826437	545891
1008	1826443	545896
1009	1826444	545898
1010	1826450	545903
1011	1826456	545902
1012	1826458	545898
1013	1826464	545889
1014	1826471	545881
1015	1826474	545876
1016	1826481	545866
1017	1826485	545858
1018	1826485	545856
1019	1826486	545853
1020	1826494	545852
1021	1826502	545859
1022	1826508	545864
1023	1826516	545870
1024	1826523	545877
1025	1826526	545881
1026	1826532	545885
1027	1826534	545887
1028	1826538	545890
1029	1826540	545893
1030	1826545	545897
1031	1826551	545905
1032	1826556	545910
1033	1826560	545913
1034	1826565	545918
1035	1826567	545920
1036	1826563	545923
1037	1826557	545926
1038	1826548	545930
1039	1826542	545937
1040	1826540	545940
1041	1826532	545946
1042	1826526	545944
1043	1826524	545944
1044	1826518	545948
1045	1826512	545951
1046	1826506	545953
1047	1826506	545959
1048	1826508	545966
1049	1826508	545970
1050	1826508	545972
1051	1826506	545980
1052	1826506	545980
1053	1826504	545987
1054	1826498	545988
1055	1826489	545987
1056	1826481	545985
1057	1826477	545984
1058	1826473	545983
1059	1826466	545982
1060	1826459	545983
1061	1826461	545983
1062	1826461	545982
1063	1826461	545982
1064	1826462	545982
1065	1826465	545980
1066	1826467	545975
1067	1826476	545950
1068	1826482	545937
1069	1826502	545901
1070	1826522	545875
1071	1826525	545879
1072	1826528	545881
1073	1826541	545893
1074	1826544	545896
1075	1826545	545898
1076	1826554	545909
1077	1826559	545915
1078	1826569	545921
1079	1826571	545916
1080	1826578	545915
1081	1826581	545917
1082	1826587	545915
1083	1826590	545912
1084	1826592	545908
1085	1826592	545906
1086	1826583	545896
1087	1826576	545885
1088	1826572	545883
1089	1826560	545874
1090	1826544	545862
1091	1826533	545851
1092	1826523	545842
1093	1826517	545834
1094	1826516	545833
1095	1826512	545832
1096	1826501	545840
1097	1826494	545849
1098	1826502	545857
1099	1826509	545863
1100	1826513	545868
1101	1826520	545874
1102	1826521	545873
1103	1826517	545870
1104	1826505	545858
1105	1826504	545857
1106	1826499	545854
1107	1826489	545848
1108	1826482	545841
1109	1826479	545838
1110	1826478	545836
1111	1826473	545831
1112	1826471	545831
1113	1826470	545829
1114	1826465	545825
1115	1826462	545822
1116	1826459	545819
1117	1826458	545817
1118	1826447	545806
1119	1826436	545797
1120	1826428	545789
1121	1826427	545788
1122	1826417	545780
1123	1826409	545778
1124	1826404	545778
1125	1826406	545783
1126	1826405	545790
1127	1826405	545804
1128	1826407	545806
1129	1826415	545814
1130	1826418	545817
1131	1826428	545823
1132	1826439	545836
1133	1826440	545839
1134	1826445	545843
1135	1826450	545848
1136	1826451	545850
1137	1826460	545860
1138	1826470	545871
1139	1826471	545872
1140	1826474	545873
1141	1826475	545873
1142	1826478	545868
1143	1826478	545866
1144	1826480	545863
1145	1826483	545860
1146	1826484	545853
1147	1826490	545849
1148	1826497	545854
1149	1826504	545859
1150	1826516	545867
1151	1826520	545873
1152	1826518	545871
1153	1826516	545870
1154	1826508	545868
1155	1826503	545867
1156	1826494	545866
1157	1826492	545867
1158	1826487	545867
1159	1826484	545865
1160	1826481	545866
1161	1826477	545866
1162	1826473	545879
1163	1826462	545893
1164	1826459	545897
1165	1826456	545901
1166	1826453	545906
1167	1826444	545900
1168	1826433	545890
1169	1826431	545889
1170	1826425	545879
1171	1826423	545877
1172	1826417	545866
1173	1826415	545863
1174	1826409	545856
1175	1826399	545845
1176	1826397	545842
1177	1826396	545841
1178	1826391	545837
1179	1826386	545833
1180	1826386	545831
1181	1826389	545828
1182	1826394	545824
1183	1826399	545813
1184	1826401	545807
1185	1826413	545814
1186	1826414	545815
1187	1826416	545817
1188	1826423	545822
1189	1826429	545827
1190	1826439	545839
1191	1826440	545840
1192	1826442	545841
1193	1826450	545850
1194	1826458	545859
1195	1826468	545869
1196	1826475	545877
1197	1826476	545873
1198	1826482	545865
1199	1826487	545866
1200	1826496	545869
1201	1826501	545867
1202	1826516	545869
1203	1826522	545873
1204	1826537	545857
1205	1826546	545840
1206	1826562	545820
1207	1826569	545802
1208	1826563	545794
1209	1826560	545788
1210	1826557	545780
1211	1826553	545780
1212	1826547	545774
1213	1826546	545769
1214	1826546	545769
1215	1826554	545749
1216	1826559	545737
1217	1826568	545717
1218	1826569	545715
1219	1826580	545702
1220	1826589	545691
1221	1826595	545684
1222	1826595	545681
1223	1826584	545670
1224	1826570	545660
1225	1826559	545664
1226	1826555	545666
1227	1826548	545671
1228	1826545	545673
1229	1826540	545675
1230	1826532	545680
1231	1826531	545693
1232	1826529	545707
1233	1826529	545708
1234	1826528	545712
1235	1826524	545720
1236	1826519	545722
1237	1826513	545730
1238	1826516	545741
1239	1826520	545748
1240	1826522	545749
1241	1826527	545755
1242	1826535	545764
1243	1826541	545769
1244	1826544	545771
1245	1826545	545773
1246	1826551	545779
1247	1826555	545784
1248	1826560	545790
1249	1826565	545797
1250	1826569	545803
1251	1826567	545806
1252	1826565	545808
1253	1826567	545797
1254	1826560	545786
1255	1826552	545777
1256	1826546	545770
1257	1826546	545767
1258	1826551	545757
1259	1826556	545748
1260	1826557	545746
1261	1826563	545730
1262	1826565	545727
1263	1826565	545724
1264	1826568	545719
1265	1826571	545711
1266	1826576	545705
1267	1826579	545700
1268	1826585	545696
1269	1826591	545687
1270	1826595	545679
1271	1826609	545693
1272	1826617	545701
1273	1826627	545714
1274	1826631	545719
1275	1826625	545712
1276	1826620	545702
1277	1826613	545709
1278	1826605	545721
1279	1826600	545729
1280	1826594	545740
1281	1826587	545752
1282	1826580	545766
1283	1826576	545774
1284	1826573	545777
1285	1826568	545787
1286	1826566	545792
1287	1826567	545800
1288	1826567	545804
1289	1826571	545805
1290	1826577	545814
1291	1826587	545814
1292	1826593	545816
1293	1826594	545808
1294	1826601	545791
1295	1826604	545783
1296	1826606	545778
1297	1826612	545769
1298	1826616	545762
1299	1826623	545749
1300	1826629	545736
1301	1826637	545730
1302	1826641	545727
1303	1826644	545725
1304	1826653	545715
1305	1826652	545703
1306	1826651	545703
1307	1826640	545693
1308	1826638	545690
1309	1826636	545688
1310	1826630	545677
1311	1826628	545677
1312	1826619	545696
1313	1826616	545702
1314	1826611	545710
1315	1826602	545726
1316	1826593	545740
1317	1826588	545750
1318	1826579	545769
1319	1826571	545784
1320	1826568	545794
1321	1826568	545795
1322	1826573	545806
1323	1826576	545811
1324	1826578	545812
1325	1826580	545814
1326	1826589	545814
1327	1826593	545813
1328	1826603	545825
1329	1826611	545833
1330	1826618	545834
1331	1826619	545830
1332	1826626	545817
1333	1826626	545814
1334	1826633	545795
1335	1826635	545790
1336	1826643	545779
1337	1826645	545771
1338	1826647	545769
1339	1826650	545766
1340	1826653	545765
1341	1826661	545758
1342	1826664	545755
1343	1826668	545748
1344	1826670	545742
1345	1826664	545744
1346	1826659	545744
1347	1826647	545741
1348	1826642	545738
1349	1826639	545735
1350	1826633	545734
1351	1826630	545739
1352	1826624	545750
1353	1826615	545764
1354	1826608	545774
1355	1826606	545779
1356	1826603	545787
1357	1826600	545795
1358	1826599	545798
1359	1826597	545801
1360	1826596	545804
1361	1826593	545814
1362	1826581	545817
1363	1826577	545817
1364	1826565	545818
1365	1826562	545818
1366	1826559	545821
1367	1826556	545829
1368	1826557	545829
1369	1826557	545829
1370	1826556	545829
1371	1826555	545829
1372	1826556	545830
1373	1826557	545829
1374	1826557	545829
1375	1826557	545829
1376	1826557	545829
1377	1826555	545829
1378	1826555	545829
1379	1826555	545829
1380	1826551	545833
1381	1826544	545824
1382	1826529	545804
1383	1826523	545798
1384	1826512	545785
1385	1826497	545773
1386	1826496	545771
1387	1826492	545766
1388	1826491	545764
1389	1826485	545755
1390	1826477	545748
1391	1826474	545745
1392	1826470	545744
1393	1826465	545744
1394	1826464	545745
1395	1826459	545750
1396	1826456	545753
1397	1826450	545755
1398	1826446	545755
1399	1826444	545760
1400	1826447	545764
1401	1826450	545767
1402	1826459	545774
1403	1826461	545775
1404	1826462	545776
1405	1826472	545784
1406	1826479	545791
1407	1826480	545792
1408	1826481	545794
1409	1826485	545798
1410	1826486	545800
1411	1826492	545807
1412	1826493	545809
1413	1826494	545811
1414	1826504	545820
1415	1826507	545823
1416	1826513	545831
1417	1826519	545829
1418	1826529	545826
1419	1826538	545822
1420	1826542	545822
1421	1826552	545831
1422	1826552	545834
1423	1826552	545834
1424	1826557	545831
1425	1826558	545833
1426	1826565	545838
1427	1826582	545852
1428	1826583	545853
1429	1826600	545866
1430	1826619	545879
1431	1826630	545891
1432	1826638	545901
1433	1826641	545906
1434	1826645	545904
1435	1826647	545900
1436	1826655	545904
1437	1826656	545906
1438	1826667	545899
1439	1826670	545896
1440	1826669	545890
1441	1826662	545884
1442	1826660	545880
1443	1826655	545869
1444	1826654	545868
1445	1826654	545866
1446	1826653	545864
1447	1826651	545863
1448	1826648	545859
1449	1826643	545853
1450	1826641	545842
1451	1826626	545839
1452	1826624	545838
1453	1826620	545837
1454	1826609	545830
1455	1826598	545818
1456	1826592	545814
1457	1826571	545817
1458	1826564	545824
1459	1826560	545829
1460	1826558	545834
1461	1826574	545841
1462	1826582	545839
1463	1826592	545838
1464	1826594	545838
1465	1826603	545839
1466	1826608	545837
1467	1826618	545835
1468	1826620	545829
1469	1826625	545821
1470	1826630	545804
1471	1826630	545804
1472	1826633	545793
1473	1826636	545793
1474	1826638	545791
1475	1826643	545782
1476	1826649	545776
1477	1826659	545763
1478	1826664	545762
1479	1826669	545751
1480	1826675	545746
1481	1826689	545753
1482	1826708	545754
1483	1826729	545766
1484	1826732	545769
1485	1826729	545773
1486	1826718	545785
1487	1826714	545793
1488	1826706	545803
1489	1826701	545812
1490	1826700	545814
1491	1826694	545824
1492	1826688	545834
1493	1826682	545845
1494	1826675	545854
1495	1826669	545849
1496	1826660	545842
1497	1826647	545841
1498	1826637	545841
1499	1826622	545839
1500	1826620	545838
1501	1826630	545840
1502	1826640	545845
1503	1826649	545842
1504	1826655	545842
1505	1826667	545850
1506	1826673	545853
1507	1826677	545859
1508	1826686	545864
1509	1826690	545866
1510	1826697	545864
1511	1826702	545861
1512	1826708	545857
1513	1826713	545853
1514	1826720	545844
1515	1826723	545838
1516	1826727	545831
1517	1826733	545820
1518	1826736	545816
1519	1826740	545812
1520	1826744	545806
1521	1826750	545801
1522	1826757	545796
1523	1826768	545805
1524	1826780	545815
1525	1826785	545824
1526	1826784	545832
1527	1826782	545841
1528	1826773	545844
1529	1826764	545843
1530	1826757	545842
1531	1826755	545848
1532	1826759	545854
1533	1826749	545855
1534	1826739	545857
1535	1826734	545860
1536	1826725	545865
1537	1826718	545868
1538	1826710	545871
1539	1826702	545871
1540	1826696	545876
1541	1826690	545879
1542	1826682	545883
1543	1826677	545884
1544	1826672	545883
1545	1826668	545886
1546	1826663	545884
1547	1826659	545877
1548	1826655	545869
1549	1826651	545862
1550	1826648	545858
1551	1826644	545851
1552	1826644	545843
1553	1826644	545841
1554	1826646	545839
1555	1826667	545850
1556	1826674	545855
1557	1826681	545845
1558	1826683	545842
1559	1826690	545830
1560	1826696	545820
1561	1826698	545817
1562	1826705	545806
1563	1826713	545795
1564	1826723	545781
1565	1826729	545774
1566	1826734	545770
1567	1826739	545774
1568	1826746	545782
1569	1826752	545788
1570	1826755	545790
1571	1826756	545796
1572	1826749	545798
1573	1826744	545805
1574	1826739	545810
1575	1826736	545815
1576	1826729	545822
1577	1826729	545823
1578	1826722	545836
1579	1826718	545844
1580	1826716	545847
1581	1826710	545853
1582	1826707	545855
1583	1826700	545862
1584	1826699	545863
1585	1826692	545862
1586	1826686	545862
1587	1826679	545856
1588	1826671	545852
1589	1826668	545849
1590	1826649	545841
1591	1826642	545842
1592	1826636	545848
1593	1826629	545854
1594	1826619	545862
1595	1826608	545863
1596	1826600	545863
1597	1826584	545851
1598	1826571	545840
1599	1826560	545832
1600	1826551	545837
1601	1826549	545839
1602	1826545	545846
1603	1826537	545853
1604	1826536	545853
1605	1826524	545839
1606	1826519	545832
1607	1826517	545830
1608	1826518	545827
1609	1826531	545825
1610	1826543	545824
1611	1826550	545835
1612	1826551	545835
1613	1826557	545832
1614	1826559	545835
1615	1826571	545845
1616	1826583	545855
1617	1826595	545863
1618	1826609	545874
1619	1826619	545883
1620	1826630	545893
1621	1826636	545903
1622	1826636	545907
1623	1826634	545908
1624	1826619	545908
1625	1826609	545906
1626	1826606	545908
1627	1826595	545909
1628	1826590	545901
1629	1826586	545895
1630	1826580	545888
1631	1826571	545883
1632	1826566	545878
1633	1826556	545870
1634	1826549	545866
1635	1826539	545857
1636	1826537	545855
1637	1826531	545865
1638	1826516	545879
1639	1826511	545887
1640	1826501	545902
1641	1826491	545918
1642	1826486	545928
1643	1826480	545946
1644	1826472	545961
1645	1826464	545982
1646	1826458	545996
1647	1826446	546032
1648	1826445	546036
1649	1826445	546037
1650	1826446	546037
1651	1826445	546037
1652	1826445	546037
1653	1826447	546036
1654	1826448	546036
1655	1826447	546035
1656	1826447	546035
1657	1826446	546035
1658	1826446	546035
1659	1826446	546037
1660	1826446	546038
1661	1826425	546040
1662	1826401	546031
1663	1826396	546027
1664	1826392	546025
1665	1826377	546017
1666	1826366	546011
1667	1826360	546007
1668	1826357	546009
1669	1826348	546022
1670	1826345	546025
1671	1826343	546028
1672	1826341	546029
1673	1826337	546035
1674	1826335	546038
1675	1826330	546044
1676	1826326	546049
1677	1826327	546055
1678	1826316	546061
1679	1826304	546064
1680	1826301	546071
1681	1826300	546075
1682	1826296	546079
1683	1826296	546082
1684	1826289	546097
1685	1826288	546097
1686	1826285	546108
1687	1826286	546114
1688	1826285	546116
1689	1826286	546118
1690	1826295	546119
1691	1826304	546127
1692	1826313	546130
1693	1826320	546129
1694	1826323	546129
1695	1826333	546132
1696	1826335	546133
1697	1826337	546133
1698	1826346	546134
1699	1826346	546134
1700	1826355	546138
1701	1826359	546140
1702	1826378	546145
1703	1826383	546147
1704	1826387	546137
1705	1826395	546123
1706	1826401	546115
1707	1826399	546107
1708	1826400	546104
1709	1826403	546100
1710	1826408	546099
1711	1826410	546099
1712	1826412	546101
1713	1826417	546112
1714	1826424	546119
1715	1826438	546107
1716	1826443	546102
1717	1826452	546093
1718	1826448	546064
1719	1826444	546042
1720	1826444	546037
1721	1826444	546037
1722	1826447	546052
1723	1826454	546079
1724	1826456	546087
1725	1826452	546095
1726	1826436	546109
1727	1826432	546112
1728	1826426	546120
1729	1826421	546126
1730	1826404	546143
1731	1826392	546154
1732	1826385	546151
1733	1826382	546146
1734	1826380	546145
1735	1826374	546144
1736	1826363	546142
1737	1826359	546141
1738	1826354	546140
1739	1826342	546137
1740	1826329	546133
1741	1826317	546132
1742	1826307	546130
1743	1826305	546128
1744	1826296	546124
1745	1826289	546120
1746	1826274	546116
1747	1826271	546116
1748	1826259	546115
1749	1826251	546116
1750	1826242	546118
1751	1826239	546120
1752	1826238	546130
1753	1826238	546132
1754	1826245	546134
1755	1826254	546139
1756	1826260	546146
1757	1826264	546153
1758	1826265	546157
1759	1826271	546171
1760	1826274	546179
1761	1826278	546189
1762	1826279	546193
1763	1826280	546196
1764	1826281	546199
1765	1826284	546210
1766	1826288	546221
1767	1826298	546221
1768	1826304	546221
1769	1826314	546222
1770	1826327	546221
1771	1826330	546219
1772	1826335	546207
1773	1826339	546200
1774	1826343	546191
1775	1826346	546186
1776	1826346	546186
1777	1826355	546176
1778	1826363	546169
1779	1826369	546165
1780	1826373	546161
1781	1826378	546151
1782	1826381	546148
1783	1826380	546148
1784	1826374	546158
1785	1826374	546160
1786	1826368	546164
1787	1826364	546166
1788	1826360	546171
1789	1826357	546173
1790	1826355	546175
1791	1826352	546177
1792	1826350	546181
1793	1826343	546188
1794	1826340	546192
1795	1826338	546198
1796	1826335	546208
1797	1826334	546211
1798	1826330	546217
1799	1826326	546217
1800	1826321	546220
1801	1826317	546220
1802	1826314	546218
1803	1826312	546218
1804	1826304	546214
1805	1826293	546210
1806	1826292	546208
1807	1826280	546198
1808	1826279	546196
1809	1826278	546186
1810	1826279	546180
1811	1826280	546166
1812	1826277	546152
1813	1826275	546145
1814	1826271	546146
1815	1826264	546147
1816	1826263	546147
1817	1826262	546150
1818	1826263	546146
1819	1826269	546139
1820	1826268	546136
1821	1826267	546128
1822	1826269	546125
1823	1826266	546113
1824	1826271	546114
1825	1826277	546115
1826	1826283	546111
1827	1826283	546108
1828	1826287	546099
1829	1826287	546097
1830	1826291	546085
1831	1826291	546084
1832	1826292	546082
1833	1826297	546071
1834	1826298	546069
1835	1826303	546061
1836	1826310	546057
1837	1826316	546054
1838	1826314	546047
1839	1826315	546041
1840	1826316	546038
1841	1826315	546034
1842	1826311	546025
1843	1826303	546022
1844	1826294	546017
1845	1826293	546016
1846	1826291	546005
1847	1826287	546001
1848	1826285	545997
1849	1826271	545984
1850	1826268	545982
1851	1826265	545978
1852	1826264	545976
1853	1826262	545967
1854	1826259	545964
1855	1826256	545961
1856	1826251	545966
1857	1826249	545967
1858	1826245	545969
1859	1826241	545974
1860	1826239	545976
1861	1826234	545979
1862	1826228	545986
1863	1826223	546002
1864	1826219	546015
1865	1826217	546019
1866	1826217	546021
1867	1826225	546025
1868	1826233	546030
1869	1826235	546035
1870	1826234	546041
1871	1826234	546052
1872	1826236	546061
1873	1826236	546063
1874	1826238	546073
1875	1826238	546074
1876	1826239	546083
1877	1826240	546093
1878	1826240	546100
1879	1826242	546101
1880	1826239	546109
1881	1826239	546115
1882	1826245	546114
1883	1826257	546113
1884	1826266	546113
1885	1826267	546118
1886	1826268	546123
1887	1826269	546127
1888	1826267	546128
1889	1826265	546131
1890	1826265	546133
1891	1826260	546140
1892	1826254	546139
1893	1826252	546138
1894	1826243	546133
1895	1826239	546131
1896	1826234	546138
1897	1826232	546138
1898	1826225	546140
1899	1826219	546141
1900	1826215	546139
1901	1826210	546137
1902	1826207	546139
1903	1826204	546140
1904	1826201	546139
1905	1826196	546140
1906	1826195	546140
1907	1826192	546142
1908	1826193	546144
1909	1826192	546147
1910	1826193	546152
1911	1826192	546153
1912	1826192	546154
1913	1826192	546154
1914	1826191	546156
1915	1826190	546156
1916	1826189	546158
1917	1826188	546159
1918	1826184	546162
1919	1826183	546165
1920	1826182	546167
1921	1826181	546171
1922	1826179	546175
1923	1826181	546182
1924	1826182	546189
1925	1826184	546197
1926	1826182	546201
1927	1826183	546204
1928	1826187	546206
1929	1826192	546207
1930	1826198	546210
1931	1826203	546213
1932	1826204	546215
1933	1826209	546221
1934	1826214	546225
1935	1826218	546223
1936	1826219	546223
1937	1826223	546230
1938	1826228	546236
1939	1826227	546241
1940	1826230	546246
1941	1826231	546243
1942	1826241	546242
1943	1826244	546242
1944	1826246	546241
1945	1826250	546242
1946	1826253	546244
1947	1826256	546238
1948	1826259	546233
1949	1826264	546228
1950	1826266	546227
1951	1826271	546225
1952	1826274	546224
1953	1826283	546222
1954	1826285	546221
1955	1826283	546218
1956	1826283	546216
1957	1826279	546204
1958	1826280	546203
1959	1826280	546199
1960	1826278	546197
1961	1826275	546188
1962	1826271	546178
1963	1826270	546176
1964	1826268	546167
1965	1826265	546157
1966	1826260	546150
1967	1826259	546145
1968	1826258	546143
1969	1826263	546145
1970	1826263	546147
1971	1826266	546151
1972	1826265	546159
1973	1826273	546177
1974	1826278	546182
1975	1826279	546196
1976	1826281	546206
1977	1826282	546211
1978	1826276	546224
1979	1826267	546228
1980	1826264	546231
1981	1826259	546234
1982	1826258	546241
1983	1826257	546244
1984	1826242	546243
1985	1826228	546243
1986	1826224	546236
1987	1826223	546235
1988	1826223	546232
1989	1826218	546227
1990	1826210	546225
1991	1826203	546216
1992	1826197	546212
1993	1826187	546208
1994	1826184	546202
1995	1826180	546202
1996	1826175	546200
1997	1826172	546198
1998	1826172	546197
1999	1826166	546199
2000	1826161	546205
2001	1826157	546210
2002	1826155	546212
2003	1826152	546219
2004	1826148	546218
2005	1826142	546219
2006	1826137	546215
2007	1826133	546208
2008	1826133	546201
2009	1826135	546195
2010	1826135	546193
2011	1826137	546192
2012	1826137	546185
2013	1826137	546184
2014	1826137	546176
2015	1826142	546176
2016	1826144	546176
2017	1826150	546177
2018	1826155	546177
2019	1826159	546175
2020	1826166	546173
2021	1826175	546172
2022	1826176	546172
2023	1826177	546173
2024	1826180	546183
2025	1826182	546191
2026	1826182	546195
2027	1826184	546198
2028	1826184	546201
2029	1826183	546205
2030	1826186	546207
2031	1826192	546209
2032	1826196	546216
2033	1826202	546222
2034	1826210	546226
2035	1826213	546233
2036	1826213	546237
2037	1826213	546241
2038	1826214	546244
2039	1826216	546257
2040	1826218	546262
2041	1826217	546266
2042	1826221	546281
2043	1826230	546281
2044	1826260	546281
2045	1826280	546286
2046	1826286	546287
2047	1826298	546276
2048	1826304	546266
2049	1826308	546262
2050	1826321	546245
2051	1826335	546227
2052	1826344	546217
2053	1826353	546207
2054	1826356	546203
2055	1826365	546190
2056	1826374	546174
2057	1826392	546153
2058	1826396	546150
2059	1826401	546143
2060	1826402	546141
2061	1826412	546131
2062	1826425	546120
2063	1826439	546105
2064	1826454	546092
2065	1826458	546092
2066	1826459	546095
2067	1826470	546121
2068	1826482	546152
2069	1826486	546164
2070	1826490	546178
2071	1826493	546185
2072	1826496	546192
2073	1826492	546194
2074	1826480	546199
2075	1826476	546200
2076	1826463	546205
2077	1826455	546208
2078	1826449	546207
2079	1826442	546199
2080	1826441	546197
2081	1826441	546188
2082	1826445	546181
2083	1826445	546181
2084	1826445	546179
2085	1826442	546173
2086	1826442	546163
2087	1826441	546161
2088	1826441	546159
2089	1826437	546155
2090	1826438	546150
2091	1826438	546147
2092	1826437	546141
2093	1826437	546136
2094	1826433	546132
2095	1826432	546128
2096	1826428	546121
2097	1826444	546104
2098	1826451	546098
2099	1826460	546094
2100	1826458	546093
2101	1826460	546095
2102	1826464	546104
2103	1826475	546136
2104	1826486	546162
2105	1826487	546170
2106	1826491	546183
2107	1826497	546192
2108	1826496	546194
2109	1826488	546196
2110	1826479	546199
2111	1826477	546199
2112	1826463	546203
2113	1826457	546205
2114	1826454	546206
2115	1826447	546211
2116	1826447	546214
2117	1826446	546216
2118	1826447	546217
2119	1826451	546225
2120	1826452	546229
2121	1826457	546232
2122	1826460	546240
2123	1826465	546244
2124	1826468	546249
2125	1826473	546254
2126	1826468	546259
2127	1826464	546263
2128	1826466	546268
2129	1826469	546271
2130	1826471	546272
2131	1826474	546273
2132	1826465	546277
2133	1826459	546280
2134	1826451	546284
2135	1826444	546288
2136	1826433	546294
2137	1826426	546301
2138	1826418	546306
2139	1826413	546311
2140	1826409	546314
2141	1826403	546318
2142	1826400	546320
2143	1826392	546329
2144	1826388	546338
2145	1826384	546347
2146	1826381	546357
2147	1826376	546364
2148	1826365	546364
2149	1826361	546362
2150	1826352	546355
2151	1826347	546343
2152	1826347	546338
2153	1826347	546334
2154	1826348	546331
2155	1826350	546326
2156	1826350	546323
2157	1826350	546321
2158	1826353	546320
2159	1826353	546314
2160	1826353	546310
2161	1826354	546309
2162	1826352	546305
2163	1826349	546299
2164	1826351	546298
2165	1826350	546290
2166	1826345	546285
2167	1826343	546276
2168	1826341	546267
2169	1826342	546259
2170	1826344	546252
2171	1826348	546246
2172	1826354	546243
2173	1826361	546243
2174	1826367	546244
2175	1826371	546248
2176	1826376	546251
2177	1826379	546249
2178	1826382	546252
2179	1826386	546257
2180	1826392	546258
2181	1826394	546256
2182	1826402	546250
2183	1826412	546243
2184	1826416	546239
2185	1826425	546230
2186	1826429	546225
2187	1826433	546223
2188	1826440	546219
2189	1826446	546215
2190	1826447	546213
2191	1826448	546217
2192	1826445	546216
2193	1826436	546224
2194	1826434	546225
2195	1826426	546230
2196	1826424	546248
2197	1826424	546260
2198	1826421	546271
2199	1826420	546280
2200	1826416	546291
2201	1826413	546303
2202	1826412	546312
2203	1826410	546315
2204	1826408	546315
2205	1826399	546321
2206	1826391	546332
2207	1826390	546333
2208	1826383	546348
2209	1826381	546358
2210	1826387	546364
2211	1826393	546371
2212	1826399	546383
2213	1826404	546395
2214	1826407	546405
2215	1826404	546420
2216	1826402	546427
2217	1826398	546439
2218	1826396	546444
2219	1826406	546455
2220	1826411	546463
2221	1826415	546470
2222	1826423	546476
2223	1826426	546481
2224	1826429	546486
2225	1826434	546486
2226	1826441	546483
2227	1826441	546476
2228	1826445	546465
2229	1826448	546456
2230	1826449	546455
2231	1826448	546453
2232	1826449	546446
2233	1826453	546440
2234	1826456	546436
2235	1826458	546430
2236	1826463	546424
2237	1826470	546412
2238	1826470	546409
2239	1826468	546403
2240	1826471	546397
2241	1826473	546392
2242	1826476	546385
2243	1826478	546384
2244	1826482	546376
2245	1826485	546371
2246	1826488	546369
2247	1826491	546367
2248	1826496	546358
2249	1826492	546353
2250	1826488	546347
2251	1826488	546344
2252	1826489	546332
2253	1826483	546327
2254	1826482	546323
2255	1826481	546311
2256	1826479	546307
2257	1826479	546304
2258	1826479	546297
2259	1826479	546296
2260	1826480	546289
2261	1826480	546277
2262	1826478	546276
2263	1826474	546274
2264	1826465	546277
2265	1826458	546280
2266	1826452	546282
2267	1826442	546289
2268	1826432	546296
2269	1826421	546303
2270	1826414	546309
2271	1826413	546309
2272	1826410	546326
2273	1826409	546342
2274	1826411	546359
2275	1826418	546379
2276	1826425	546397
2277	1826443	546410
2278	1826447	546412
2279	1826455	546416
2280	1826470	546419
2281	1826471	546420
2282	1826471	546422
2283	1826462	546434
2284	1826456	546440
2285	1826451	546450
2286	1826448	546462
2287	1826444	546470
2288	1826445	546480
2289	1826448	546476
2290	1826445	546472
2291	1826443	546471
2292	1826449	546466
2293	1826462	546459
2294	1826468	546454
2295	1826472	546451
2296	1826476	546446
2297	1826488	546438
2298	1826494	546434
2299	1826507	546425
2300	1826509	546422
2301	1826514	546419
2302	1826520	546413
2303	1826522	546412
2304	1826527	546406
2305	1826535	546399
2306	1826539	546396
2307	1826541	546395
2308	1826539	546390
2309	1826535	546388
2310	1826531	546378
2311	1826526	546374
2312	1826520	546372
2313	1826516	546363
2314	1826521	546359
2315	1826521	546355
2316	1826508	546341
2317	1826507	546339
2318	1826507	546336
2319	1826506	546334
2320	1826500	546331
2321	1826490	546328
2322	1826489	546340
2323	1826495	546354
2324	1826497	546357
2325	1826497	546359
2326	1826496	546363
2327	1826487	546376
2328	1826483	546381
2329	1826479	546386
2330	1826475	546392
2331	1826477	546399
2332	1826477	546408
2333	1826469	546419
2334	1826454	546415
2335	1826446	546409
2336	1826435	546402
2337	1826425	546396
2338	1826419	546380
2339	1826417	546376
2340	1826408	546360
2341	1826409	546358
2342	1826407	546357
2343	1826409	546343
2344	1826410	546336
2345	1826408	546330
2346	1826409	546326
2347	1826411	546312
2348	1826412	546301
2349	1826414	546292
2350	1826417	546284
2351	1826419	546280
2352	1826423	546255
2353	1826422	546251
2354	1826423	546245
2355	1826424	546228
2356	1826423	546206
2357	1826417	546195
2358	1826414	546194
2359	1826404	546173
2360	1826404	546141
2361	1826422	546125
2362	1826425	546123
2363	1826454	546093
2364	1826471	546113
2365	1826475	546129
2366	1826480	546142
2367	1826488	546161
2368	1826485	546167
2369	1826486	546169
2370	1826494	546190
2371	1826501	546208
2372	1826510	546207
2373	1826524	546200
2374	1826529	546199
2375	1826540	546194
2376	1826552	546191
2377	1826564	546189
2378	1826574	546195
2379	1826582	546204
2380	1826586	546216
2381	1826593	546230
2382	1826600	546242
2383	1826608	546254
2384	1826614	546260
2385	1826617	546266
2386	1826625	546268
2387	1826634	546271
2388	1826637	546272
2389	1826647	546275
2390	1826658	546286
2391	1826665	546293
2392	1826669	546299
2393	1826675	546302
2394	1826680	546305
2395	1826688	546310
2396	1826694	546320
2397	1826684	546332
2398	1826674	546344
2399	1826672	546345
2400	1826667	546350
2401	1826664	546355
2402	1826661	546362
2403	1826660	546366
2404	1826659	546372
2405	1826660	546381
2406	1826660	546386
2407	1826660	546388
2408	1826658	546398
2409	1826655	546404
2410	1826653	546411
2411	1826650	546421
2412	1826648	546425
2413	1826652	546430
2414	1826650	546435
2415	1826646	546440
2416	1826642	546441
2417	1826641	546445
2418	1826641	546451
2419	1826640	546455
2420	1826641	546457
2421	1826645	546462
2422	1826649	546465
2423	1826651	546469
2424	1826652	546473
2425	1826652	546477
2426	1826649	546480
2427	1826646	546482
2428	1826645	546487
2429	1826640	546490
2430	1826634	546493
2431	1826626	546491
2432	1826622	546492
2433	1826619	546492
2434	1826614	546491
2435	1826610	546483
2436	1826601	546468
2437	1826591	546448
2438	1826587	546430
2439	1826580	546412
2440	1826580	546411
2441	1826576	546389
2442	1826575	546382
2443	1826568	546359
2444	1826562	546335
2445	1826555	546316
2446	1826546	546298
2447	1826531	546277
2448	1826521	546256
2449	1826513	546239
2450	1826507	546220
2451	1826500	546200
2452	1826491	546179
2453	1826486	546166
2454	1826485	546166
2455	1826486	546165
2456	1826487	546168
2457	1826488	546165
2458	1826486	546164
2459	1826484	546151
2460	1826476	546132
2461	1826471	546124
2462	1826469	546117
2463	1826465	546107
2464	1826463	546103
2465	1826463	546102
2466	1826461	546097
2467	1826461	546096
2468	1826460	546095
2469	1826450	546063
2470	1826453	546042
2471	1826457	546041
2472	1826454	546040
2473	1826452	546040
2474	1826450	546041
2475	1826446	546038
2476	1826445	546035
2477	1826443	546035
2478	1826444	546034
2479	1826445	546034
2480	1826448	546039
2481	1826448	546038
2482	1826448	546036
2483	1826449	546025
2484	1826453	546017
2485	1826449	546026
2486	1826446	546034
2487	1826447	546029
2488	1826457	546005
2489	1826467	545982
2490	1826476	545955
2491	1826485	545935
2492	1826496	545914
2493	1826512	545890
2494	1826523	545875
2495	1826538	545859
2496	1826544	545848
2497	1826556	545831
2498	1826561	545828
2499	1826564	545826
2500	1826570	545822
2501	1826576	545816
2502	1826575	545813
2503	1826566	545797
2504	1826565	545793
2505	1826556	545782
2506	1826548	545775
2507	1826538	545763
2508	1826531	545757
2509	1826518	545752
2510	1826508	545758
2511	1826500	545764
2512	1826503	545773
2513	1826508	545781
2514	1826518	545792
2515	1826520	545796
2516	1826530	545804
2517	1826536	545809
2518	1826539	545813
2519	1826546	545823
2520	1826553	545831
2521	1826555	545835
2522	1826546	545847
2523	1826538	545863
2524	1826522	545880
2525	1826510	545895
2526	1826497	545913
2527	1826489	545932
2528	1826479	545953
2529	1826470	545974
2530	1826464	545986
2531	1826456	546003
2532	1826450	546023
2533	1826448	546031
2534	1826448	546037
2535	1826449	546038
2536	1826469	546041
2537	1826493	546043
2538	1826530	546038
2539	1826579	546034
2540	1826600	546033
2541	1826619	546032
2542	1826622	546032
2543	1826633	546031
2544	1826650	546030
2545	1826666	546029
2546	1826696	546029
2547	1826706	546029
2548	1826726	546027
2549	1826752	546026
2550	1826780	546023
2551	1826805	546023
2552	1826824	546022
2553	1826855	546018
2554	1826880	546015
2555	1826882	546020
2556	1826883	546021
2557	1826883	546022
2558	1826883	546023
2559	1826881	546022
2560	1826882	546024
2561	1826879	546020
2562	1826880	546020
2563	1826880	546021
2564	1826889	546038
2565	1826905	546072
2566	1826913	546089
2567	1826915	546094
2568	1826919	546118
2569	1826921	546137
2570	1826929	546157
2571	1826938	546176
2572	1826948	546192
2573	1826958	546207
2574	1826960	546211
2575	1826973	546223
2576	1826981	546234
2577	1827000	546276
2578	1826881	546018
2579	1826882	546018
2580	1826882	546019
2581	1826883	546020
2582	1826883	546019
2583	1826885	546021
2584	1826884	546021
2585	1826884	546022
2586	1826885	546022
2587	1826883	546023
2588	1826883	546022
2589	1826883	546021
2590	1826882	546021
2591	1826883	546021
2592	1826883	546021
2593	1826883	546022
2594	1826882	546025
2595	1826880	546026
2596	1826880	546024
2597	1826878	546024
2598	1826894	546049
2599	1826904	546069
2600	1826915	546091
2601	1826921	546116
2602	1826924	546136
2603	1826932	546156
2604	1826937	546171
2605	1826945	546186
2606	1826953	546198
2607	1826964	546213
2608	1826982	546236
2609	1826989	546253
2610	1827006	546291
2611	1827009	546299
2612	1827008	546300
2613	1827011	546304
2614	1827019	546322
2615	1827018	546342
2616	1827004	546355
2617	1826977	546374
2618	1826948	546384
2619	1826933	546387
2620	1826915	546395
2621	1826899	546410
2622	1826867	546471
2623	1826863	546481
2624	1826862	546484
2625	1826852	546484
2626	1826848	546486
2627	1826845	546490
2628	1826842	546496
2629	1826839	546506
2630	1826834	546516
2631	1826829	546524
2632	1826823	546528
2633	1826824	546518
2634	1826822	546510
2635	1826820	546498
2636	1826819	546488
2637	1826816	546480
2638	1826815	546478
2639	1826814	546474
2640	1826813	546470
2641	1826811	546467
2642	1826812	546463
2643	1826810	546459
2644	1826809	546459
2645	1826801	546451
2646	1826800	546449
2647	1826797	546445
2648	1826790	546437
2649	1826780	546430
2650	1826777	546428
2651	1826777	546425
2652	1826773	546415
2653	1826774	546407
2654	1826775	546394
2655	1826773	546384
2656	1826775	546374
2657	1826784	546373
2658	1826790	546377
2659	1826795	546377
2660	1826801	546379
2661	1826809	546379
2662	1826813	546382
2663	1826819	546381
2664	1826822	546384
2665	1826830	546387
2666	1826835	546390
2667	1826841	546392
2668	1826842	546398
2669	1826844	546406
2670	1826845	546417
2671	1826846	546420
2672	1826846	546422
2673	1826847	546428
2674	1826849	546437
2675	1826848	546446
2676	1826849	546454
2677	1826854	546460
2678	1826856	546467
2679	1826855	546468
2680	1826854	546475
2681	1826860	546482
2682	1826859	546483
2683	1826859	546484
2684	1826867	546496
2685	1826878	546519
2686	1826905	546513
2687	1826927	546505
2688	1826934	546508
2689	1826935	546507
2690	1826934	546508
2691	1826934	546507
2692	1826934	546507
2693	1826935	546507
2694	1826960	546514
2695	1826964	546514
2696	1826972	546510
2697	1826984	546492
2698	1826998	546475
2699	1827007	546459
2700	1827006	546441
2701	1827005	546438
2702	1827012	546423
2703	1827020	546418
2704	1827046	546397
2705	1827058	546388
2706	1827058	546388
2707	1827059	546386
2708	1827063	546389
2709	1827063	546388
2710	1827077	546381
2711	1827101	546367
2712	1827123	546349
2713	1827147	546326
2714	1827162	546312
2715	1827177	546302
2716	1827194	546299
2717	1827204	546297
2718	1827219	546294
2719	1827266	546278
2720	1827268	546265
2721	1827271	546253
2722	1827272	546237
2723	1827259	546216
2724	1827246	546172
2725	1827247	546165
2726	1827247	546141
2727	1827246	546120
2728	1827243	546101
2729	1827260	546079
2730	1827259	546064
2731	1827257	546040
2732	1827257	546039
2733	1827257	546038
2734	1827257	546039
2735	1827258	546038
2736	1827258	546037
2737	1827258	546037
2738	1827257	546035
2739	1827259	546010
2740	1827263	545999
