Pt1	1840178.504	551930.933	431.213
Pt2	1840178.496	551930.934	431.202
Pt3	1840131.596	551924.904	429.102
Pt4	1840131.585	551924.903	429.102
Pt5	1840129.01	551890.602	429.058
Pt6	1840129.01	551890.605	429.059
Pt7	1839326.308	551690.445	409.739
Pt8	1839326.308	551690.444	409.735
Pt9	1839326.304	551690.444	409.739
Pt10	1839338.694	551716.803	410.411
Pt11	1839901.757	551938.477	414.993
Pt12	1839901.76	551938.468	414.996
Pt13	1839901.756	551938.471	415.001
Pt14	1839900.51	551933.547	414.209
Pt15	1839900.513	551933.549	414.214
Pt16	1839923.945	551952.05	417.156
Pt17	1839923.949	551952.058	417.163
Pt18	1839902.843	551955.376	415.442
Pt19	1839902.835	551955.37	415.452
             