p10 1837977.348 551643.872 375.873
p20 1837977.343 551643.864 375.860
p30 1837998.268 551623.060 379.996
p40 1837998.269 551623.060 379.986
p50 1837991.453 551619.153 380.074
p60 1837991.457 551619.151 380.091
p70 1837979.461 551617.321 379.632
p80 1837979.448 551617.326 379.616
p90 1837966.555 551610.192 379.728
p100 1837966.578 551610.208 379.730
p110 1837933.454 551614.423 377.339
p120 1837933.445 551614.425 377.342
p130 1837930.647 551619.425 376.254
p140 1837930.643 551619.421 376.269
p150 1839213.011 553146.596 391.630
p160 1839231.830 553165.616 392.801
p170 1839237.884 553189.811 393.652
p180 1839242.875 553200.928 391.208
p190 1839243.421 553205.598 388.383
p200 1839231.901 553215.032 389.278
p210 1839222.902 553216.796 387.585
p220 1839176.583 553193.488 379.075
p230 1839153.194 553215.522 377.935
p240 1839137.050 553214.979 372.264
p250 1839114.436 553217.300 361.499
p260 1839108.707 553203.182 365.672
p270 1839108.426 553201.656 366.170
p280 1839105.619 553190.654 364.063
p290 1839110.110 553187.130 366.024
p300 1839121.492 553186.913 370.133
p310 1839123.987 553187.441 369.048
p320 1839111.584 553170.365 369.319
p330 1839100.860 553168.565 367.713
p340 1839083.815 553110.562 369.970
p350 1839088.423 553104.616 381.104
p360 1839090.591 553102.538 374.618
p370 1839090.597 553102.528 374.591
p380 1839116.120 553136.053 378.618
p390 1839172.616 553144.111 386.619
p400 1839183.086 553129.308 388.730
p410 1839212.421 553146.764 392.251
p420 1830483.746 544154.132 212.504
p430 1830483.742 544154.134 212.494
p440 1830500.126 544163.771 212.249
p450 1830500.116 544163.762 212.250
p460 1822261.129 549115.751 254.454
p470 1822261.129 549115.750 254.438
p480 1822242.676 549120.194 252.560
p490 1822242.701 549120.207 252.612
p500 1822242.288 549119.039 253.528
p510 1822242.288 549119.040 253.523
p520 1822237.999 549119.736 252.994
p530 1822237.998 549119.735 252.996
p540 1822236.810 549110.417 253.575
p550 1822236.823 549110.407 253.556
p560 1822236.786 549108.007 254.596
p570 1822236.788 549108.008 254.590
p580 1822236.958 549103.805 253.043
p590 1822238.092 549096.927 252.845
p600 1822238.738 549093.699 253.452
p610 1822239.296 549078.370 252.673
p620 1822240.891 549070.897 252.794
p630 1822243.126 549055.593 252.952
p640 1822244.276 549051.950 252.645
p650 1822247.434 549050.343 252.667
p660 1822250.876 549048.758 252.811
p670 1822254.985 549060.672 253.495
p680 1822256.130 549066.860 253.917
p690 1822256.954 549073.258 254.106
p700 1822257.335 549076.545 254.163
p710 1822256.967 549079.331 254.212
p720 1822256.591 549092.551 253.942
p730 1822253.983 549093.581 254.547
p740 1822253.981 549093.578 254.541
p750 1822129.669 549459.858 249.290
p760 1822129.658 549459.865 249.297
p460 1822099.191 549430.030 245.373
p470 1822099.183 549430.027 245.382
p480 1822110.665 549420.435 245.097
p490 1822110.680 549420.421 245.092
p500 1822123.497 549432.782 246.882
p510 1822123.416 549432.771 246.876
p520 1822140.653 549444.934 248.299
p530 1822140.647 549444.932 248.295
p540 1822143.366 549444.307 248.892
p550 1822128.334 549465.187 249.260
p560 1822132.643 549469.569 249.392
p570 1822149.444 549446.722 248.862
