TR1,1837990.917,551714.728,0.000,,
T1,1838053.582,551614.400,9.966,,
1,1837987.853,551713.190,-0.003,,
2,1837968.352,551698.387,-3.008,,
3,1837978.362,551727.214,-1.980,,
4,1837978.863,551731.607,-2.444,,
5,1837974.738,551725.311,-2.602,,
6,1837971.906,551721.363,-3.475,,
7,1838077.495,551566.648,11.399,,
8,1838121.510,551501.260,179769313486231570000000000000000000000000000000000000000000000000000000000000000000000000000000000000000000000000000000000000000000000000000000000000000000000000000000000000000000000000000000000000000000000000000000000000000000000000000000000000000000000000000000000000000000000000000000000000000000000000000.000,,
