p24 1840014.486 551712.089 406.313
p1 1839816.265 551737.645 402.619
p2 1839808.973 551741.987 402.428
p3 1839808.449 551742.366 402.446
p4 1839795.863 551748.116 402.010
p5 1839800.556 551754.278 400.699
p6 1839806.272 551753.931 400.079
p7 1839822.205 551754.702 400.147
p8 1839837.959 551751.638 400.590
p9 1839842.215 551748.414 400.879
p10 1839853.335 551737.765 401.419
p11 1839864.844 551732.897 401.979
p12 1839872.048 551730.973 401.953
p13 1839876.498 551737.171 400.879
p14 1839907.840 551732.234 401.220
p15 1839911.547 551731.933 402.296
p16 1839918.445 551758.144 400.094
p17 1839918.999 551755.978 401.375
p18 1839929.264 551757.853 401.302
p19 1839935.343 551757.307 401.321
p20 1839976.994 551749.658 401.777
p21 1839977.844 551744.223 401.922
p22 1839996.426 551729.855 401.989
p23 1840015.965 551715.810 403.908
p25 1840027.610 551708.232 406.068
p26 1840031.103 551706.740 405.715
p27 1840032.174 551707.473 405.572
p28 1840033.387 551705.420 405.750
p29 1840019.602 551687.619 414.513
p30 1840019.604 551687.614 414.528
p31 1840015.670 551684.605 415.049
p32 1840050.902 551661.656 416.255
p33 1840054.327 551662.149 415.688
p34 1840054.969 551667.711 415.398
p35 1840009.104 551686.719 414.802
p36 1839968.607 551640.441 417.633
p37 1839964.202 551623.113 417.624
p38 1839930.096 551634.767 411.382
p39 1839902.146 551643.465 414.785
p40 1839902.142 551643.405 414.774
p41 1839892.665 551632.595 419.135
p42 1839889.115 551631.204 420.159
p43 1839875.756 551641.100 418.976
p44 1839873.462 551645.822 417.449
p45 1839872.558 551646.037 417.330
p46 1839845.832 551657.554 414.497
p47 1839833.682 551656.063 421.207
p48 1839815.822 551652.297 414.081
p49 1839806.164 551654.877 412.817
p50 1839806.333 551707.987 416.017
p51 1839788.187 551721.369 409.045
p52 1839907.102 551700.603 403.793
p53 1839907.208 551701.191 403.824
p54 1839957.840 551689.334 404.834
p55 1839236.663 551686.620 407.197
p56 1839236.660 551686.615 407.197
p57 1839236.660 551686.617 407.194
p58 1839239.069 551653.081 405.715
p59 1839239.071 551653.082 405.718
p60 1839239.076 551653.065 405.724
p61 1839254.565 551674.447 407.830
p62 1839247.892 551665.467 406.129
p63 1839247.555 551665.677 406.129
p64 1839247.575 551665.679 406.093
