p10 1835467.223 540907.633 207.638
p20 1835463.775 540906.612 207.460
p30 1835469.655 540900.341 207.515
p40 1835466.553 540898.797 207.548
p50 1835471.955 540894.400 207.483
p60 1835469.986 540890.269 207.491
p70 1835475.313 540885.682 207.270
p80 1835472.713 540883.042 207.206
p90 1835477.654 540876.985 207.066
p100 1835474.904 540873.728 206.978
p110 1835480.245 540866.488 206.878
p120 1835477.723 540861.504 206.785
p130 1835482.652 540856.476 206.626
p140 1835479.353 540854.716 206.622
p150 1835538.642 540866.273 206.463
p160 1835544.420 540847.020 206.186
p170 1835547.181 540848.144 206.201
p180 1835543.228 540861.069 206.233
p190 1835540.077 540872.609 206.456
p200 1835536.872 540873.658 206.647
p210 1835536.246 540885.496 206.821
p220 1835539.273 540885.891 206.594
p230 1835539.048 540895.447 206.858
p240 1835535.623 540895.750 206.833
p250 1835538.144 540904.764 207.095
p260 1835534.199 540908.327 207.309
p270 1835536.971 540913.459 207.424
p280 1835533.587 540914.501 207.500
p10 1839733.532 552065.732 415.762
p20 1839733.550 552065.736 415.786
p30 1839754.590 552064.668 416.262
p40 1839754.590 552064.667 416.257
p50 1839754.588 552064.668 416.262
p60 1839734.202 552085.602 416.146
p70 1839734.199 552085.601 416.143
p80 1839752.387 552083.602 416.456
p90 1839752.387 552083.601 416.449
p100 1839752.019 552097.627 418.014
p110 1839756.827 552078.403 417.193
p120 1839756.838 552078.393 417.186
p130 1839756.080 552083.337 417.200
p140 1839756.082 552083.334 417.197
p150 1839752.528 552083.975 417.073
