Pt1 1841319.105 550513.115 479.651
Pt2 1841319.102 550513.113 479.657
Pt3 1841347.862 550477.804 481.100
Pt4 1841347.864 550477.802 481.102
Pt5 1841307.581 550444.985 476.231
Pt6 1841307.580 550444.985 476.223
Pt7 1841277.545 550482.449 473.697
Pt8 1841277.552 550482.446 473.702
Pt9 1841277.562 550482.453 473.704
Pt10 1839811.002 552028.263 419.271
Pt11 1839811.007 552028.270 419.270
Pt12 1839825.684 552029.362 419.312
Pt13 1839825.674 552029.357 419.323
Pt14 1839826.786 552032.388 419.383
Pt15 1839830.058 552049.164 420.355
Pt16 1839832.027 552059.373 420.955
Pt17 1839808.828 552062.317 420.831
Pt18 1839808.833 552062.320 420.823
Pt19 1839814.685 552051.539 421.243
Pt20 1839816.245 552028.146 419.202
Pt21 1839816.242 552028.145 419.202
Pt22 1838441.771 550406.854 376.046
Pt23 1838423.278 550478.223 376.063
Pt24 1838423.275 550478.226 376.063
Pt25 1838471.511 550479.219 377.112
Pt26 1838468.480 550479.098 377.245
Pt27 1838452.973 550478.537 377.431
Pt28 1838440.816 550478.404 377.175
Pt29 1838481.117 550480.839 374.332
Pt30 1838477.686 550480.193 375.299
Pt31 1838519.342 550444.431 371.264
Pt32 1838528.103 550446.338 370.677
Pt33 1838529.215 550455.484 370.649
Pt34 1838529.652 550473.835 370.325
Pt35 1838520.312 550478.976 370.534
Pt36 1838497.729 550488.374 370.185
Pt37 1839793.209 551452.354 412.631
Pt38 1839807.395 551384.256 401.949
Pt39 1839787.370 551422.353 404.512
Pt40 1839787.373 551422.370 404.511
Pt41 1839776.915 551387.719 399.293
Pt42 1839776.921 551387.751 399.294
Pt43 1839772.938 551402.905 399.954
Pt44 1839772.960 551402.915 399.962
Pt45 1839767.761 551400.117 399.420
Pt46 1839763.508 551399.935 399.189
Pt47 1839755.421 551397.959 398.698
Pt48 1839747.854 551394.938 397.679
Pt49 1839747.851 551394.932 397.682
Pt50 1839739.137 551394.591 397.319
Pt51 1839733.384 551392.557 396.881
Pt52 1839730.550 551405.038 397.728
Pt53 1839727.071 551426.178 400.658
Pt54 1839727.072 551426.179 400.661
Pt55 1839729.618 551426.184 400.637
Pt56 1839824.962 551450.555 414.471
Pt57 1839824.957 551450.561 414.469
