p1 1838514.527 550124.570 384.742
p2 1838514.527 550124.563 384.743
p3 1838514.530 550124.561 384.745
p4 1838531.183 550114.395 384.929
p5 1838531.214 550114.445 384.906
p6 1838531.805 550114.312 384.906
p7 1838531.816 550114.356 384.905
p8 1838541.429 550110.131 384.541
p9 1838541.421 550110.143 384.536
p10 1838550.194 550106.311 385.468
p11 1838550.276 550106.340 385.476
p12 1838545.623 550098.414 384.999
p13 1838543.678 550094.800 384.908
p14 1838534.569 550079.986 384.611
p15 1838534.581 550079.999 384.623
p16 1838500.250 550098.171 384.911
p17 1838500.250 550098.172 384.910
