p10 1839006.214 551972.651 398.975
p20 1839006.222 551972.653 398.976
p30 1839006.227 551972.661 398.967
p40 1839010.505 551970.069 399.092
p50 1839010.503 551970.075 399.094
p60 1840060.542 551880.463 420.031
p70 1840060.538 551880.462 420.034
p80 1840054.776 551884.372 419.922
p90 1840054.781 551884.366 419.907
p100 1840057.577 551909.652 419.606
p110 1840057.585 551909.646 419.600
p120 1840060.251 551918.886 420.070
p130 1840060.235 551918.889 420.067
p140 1840060.236 551918.890 420.063
p150 1840062.621 551900.831 419.850
p160 1840062.618 551900.828 419.837
p170 1840065.833 551878.561 420.042
p180 1840065.822 551878.567 420.037
p190 1840075.949 551882.755 421.450
p200 1840075.950 551882.754 421.449
p210 1840070.450 551914.678 422.065
p220 1839380.340 551228.749 390.122
p230 1839380.332 551228.748 390.120
p240 1839380.330 551228.743 390.138
p250 1839377.166 551217.718 387.450
p260 1839377.164 551217.715 387.444
p270 1839375.319 551212.015 383.482
p280 1839375.319 551212.015 383.492
p290 1839374.362 551208.153 382.676
p300 1839374.365 551208.171 382.687
p310 1839367.996 551210.160 382.546
p320 1839367.990 551210.170 382.546
p330 1839361.463 551212.854 381.703
p340 1839361.462 551212.856 381.694
p350 1839383.131 551262.301 391.907
p360 1839383.109 551262.298 391.901
p370 1839383.127 551262.296 391.915
p380 1839376.386 551264.284 392.837
p390 1839376.384 551264.289 392.859
p400 1839376.373 551264.291 392.855
