p1 1840911.507 549492.742 489.499
p2 1840911.506 549492.738 489.495
p3 1840918.329 549483.881 490.081
p4 1840918.337 549483.886 490.080
p5 1840900.356 549460.517 486.159
p6 1840900.357 549460.515 486.162
p7 1840900.360 549460.519 486.160
p8 1840891.315 549466.604 486.150
p9 1840891.316 549466.606 486.156
p10 1841502.523 549022.280 528.370
p11 1841502.529 549022.275 528.364
p12 1841505.256 549020.349 528.686
p13 1841582.707 548978.286 535.834
p14 1841582.701 548978.285 535.835
p15 1841582.708 548978.287 535.830
p16 1841577.137 548969.837 534.776
p17 1841577.135 548969.837 534.779
p18 1841577.133 548969.836 534.776
p19 1841572.060 548961.957 533.658
p20 1841572.071 548961.955 533.663
p21 1841609.200 548934.224 533.625
p22 1841609.195 548934.220 533.622
p23 1841641.695 548912.459 531.125
p24 1841641.708 548912.464 531.121
p25 1841655.282 548927.554 532.482
p26 1841655.278 548927.591 532.490
p27 1841621.522 548951.420 536.170
p28 1841621.528 548951.438 536.141
p29 1841627.697 548958.804 537.171
p30 1841627.654 548958.823 537.170
p31 1841627.639 548958.859 537.177
p32 1841582.609 548978.310 535.790
p33 1841582.596 548978.313 535.808
p34 1841590.383 548988.411 537.434
p35 1841590.385 548988.421 537.429
p36 1841590.387 548988.404 537.432
p37 1841522.711 549044.839 531.168
p38 1841522.705 549044.836 531.163
p39 1839397.971 551946.352 414.218
p40 1839397.966 551946.354 414.203
p41 1839397.967 551946.360 414.220
p42 1839371.319 551956.475 415.640
p43 1839371.320 551956.475 415.637
p44 1839371.342 551956.459 415.630
p45 1839372.978 551973.191 415.630
p46 1839373.020 551973.180 415.585
