p1 1839424.708 551493.284 395.961
p2 1839424.705 551493.286 395.958
p3 1839424.704 551493.287 395.952
p4 1839227.479 551950.315 412.345
p5 1839227.480 551950.328 412.361
p6 1839227.478 551950.323 412.348
p7 1839227.480 551950.311 412.356
p8 1839239.250 551933.480 412.788
p9 1839239.241 551933.466 412.810
p10 1839239.243 551933.469 412.808
p11 1839245.492 551937.687 412.771
p12 1839245.487 551937.680 412.772
p13 1839245.495 551937.681 412.783
p14 1839233.587 551954.431 413.332
p15 1839233.580 551954.433 413.328
p16 1839233.574 551954.425 413.307
p17 1841086.017 550801.147 467.720
p18 1841086.016 550801.143 467.699
p19 1841086.015 550801.142 467.697
p20 1841038.105 550761.175 468.354
p21 1841038.095 550761.181 468.352
p22 1841038.096 550761.176 468.354
p14 1837576.945 551656.073 341.914
p15 1837576.939 551656.085 341.916
p16 1837584.463 551655.188 340.448
p17 1837591.196 551655.181 339.394
p18 1837594.564 551655.102 338.921
p19 1837603.826 551654.491 337.868
p20 1837607.764 551654.091 337.464
p21 1837615.407 551654.253 336.453
p22 1837634.584 551657.044 334.070
p23 1837638.193 551664.287 333.725
p24 1837639.855 551673.951 334.650
p25 1837646.900 551678.846 334.465
p26 1837652.189 551694.860 335.635
p27 1837659.028 551693.160 334.277
p28 1837654.330 551676.590 335.001
p29 1837657.240 551653.097 330.875
p30 1837648.164 551649.536 331.875
p31 1837644.108 551641.694 332.689
p32 1837642.079 551610.136 332.270
p33 1837650.981 551601.198 331.762
p34 1837653.715 551598.837 331.372
p35 1837654.093 551598.020 331.544
p36 1837665.951 551586.842 330.586
p37 1837669.721 551584.026 330.415
p38 1837679.600 551563.788 330.900
p39 1837690.265 551554.874 329.914
p40 1837689.318 551548.075 330.004
p41 1837675.396 551535.571 328.737
p42 1837667.691 551527.182 328.619
p43 1837650.148 551518.729 328.763
p44 1837633.775 551515.704 329.106
p45 1837624.604 551519.462 330.966
p46 1837624.667 551519.460 330.985
p14 1837607.723 551558.514 331.528
p15 1837597.365 551564.780 333.357
p16 1837568.948 551566.874 347.720
p17 1837568.934 551566.879 347.720
