p1 1838489.911 551322.779 378.884
p2 1838489.909 551322.781 378.883
p3 1838496.418 551334.285 380.467
p4 1838496.410 551334.291 380.475
p5 1838496.411 551334.287 380.470
p6 1838498.419 551337.120 381.660
p7 1838498.415 551337.127 381.674
p8 1838477.650 551327.179 378.728
p9 1838482.663 551346.160 380.834
p10 1838482.658 551346.158 380.802
p11 1838486.923 551352.899 381.660
p12 1838486.960 551352.892 381.658
p13 1838505.654 551347.541 381.959
p14 1838503.200 551345.057 381.991
p15 1838507.054 551352.001 382.742
