TR1,1838464.743,551268.914,0.000,,
T1,1838514.650,551248.140,2.190,,
1,1838374.040,551300.260,179769313486231570000000000000000000000000000000000000000000000000000000000000000000000000000000000000000000000000000000000000000000000000000000000000000000000000000000000000000000000000000000000000000000000000000000000000000000000000000000000000000000000000000000000000000000000000000000000000000000000000000.000,,
2,1838458.220,551271.864,-0.529,,
3,1838456.342,551267.439,-0.664,,
4,1838463.577,551272.286,-0.222,,
5,1838474.862,551295.357,2.397,,
6,1838483.857,551292.396,2.686,,
7,1838481.420,551287.588,1.881,,
8,1838472.731,551270.154,0.403,,
9,1838475.156,551266.152,0.269,,
10,1838473.509,551261.528,0.158,,
11,1838471.552,551267.312,0.054,,
