p41 1845733.178 556808.774 449.507
p42 1845516.161 557067.636 450.783
p43 1845511.697 557061.136 448.992
p44 1845506.477 557064.644 451.048
p45 1845513.014 557065.309 452.805
p46 1845510.562 557070.877 448.795
p58 1843575.959 557600.621 301.701
p59 1843577.368 557594.337 299.871
p1 1848070.129 555750.261 467.898
p2 1848076.120 555753.484 468.119
p3 1848079.873 555747.609 467.731
p4 1848073.575 555744.084 467.425
p5 1848075.087 555748.922 467.875
p6 1847883.059 555634.949 466.085
p7 1847888.689 555638.288 466.476
p8 1847885.239 555644.070 466.395
p9 1847879.222 555640.672 466.501
p10 1847885.024 555639.719 465.639
p11 1847815.168 555581.759 458.873
p12 1847674.518 555513.371 473.006
p13 1847673.904 555521.619 473.131
p14 1847665.711 555521.181 473.123
p15 1847666.128 555512.720 473.070
p16 1847669.874 555517.480 473.399
p17 1847258.272 555690.612 461.131
p18 1847265.560 555686.628 460.910
p19 1847261.636 555679.315 461.063
p20 1847254.370 555683.338 460.931
p21 1847259.210 555684.927 460.804
p22 1846907.326 555945.798 505.368
p23 1846902.485 555938.911 505.093
p24 1846909.135 555934.230 505.310
p25 1846908.288 555939.397 505.717
p26 1846913.957 555940.904 505.745
p27 1846619.764 556138.321 457.680
p28 1846625.591 556134.244 458.348
p29 1846629.625 556140.134 458.218
p30 1846623.753 556144.080 458.403
p31 1846624.319 556139.431 458.246
p32 1846043.102 556530.345 452.868
p33 1846038.592 556523.415 452.676
p34 1846045.558 556518.944 452.656
p35 1846049.971 556525.663 453.020
p36 1846043.859 556524.576 452.751
p37 1845725.792 556804.499 453.226
p38 1845721.101 556809.666 453.351
p39 1845726.167 556814.371 453.955
p40 1845726.242 556809.199 453.271
p47 1844450.294 557648.516 448.122
p48 1844448.898 557639.393 446.973
p49 1844438.478 557641.234 448.186
p50 1844440.758 557650.666 448.199
p51 1844443.629 557644.749 448.194
p52 1844283.124 557691.275 428.655
p53 1844283.118 557691.284 428.658
p54 1844280.996 557684.721 428.339
p55 1844274.279 557687.013 428.406
p56 1844276.704 557693.369 428.783
p57 1844278.950 557689.835 428.955
p60 1843568.363 557593.424 302.735
p61 1843567.673 557599.787 302.328
p62 1843570.727 557597.212 302.759
p63 1843138.102 557512.800 221.730
p64 1843137.145 557505.849 221.709
p65 1843143.977 557504.915 221.738
p66 1843145.671 557506.652 219.084
p67 1843144.596 557511.146 222.253
p68 1842877.906 557671.927 172.588
p69 1842874.346 557665.897 172.523
p70 1842868.200 557669.573 172.468
p71 1842873.152 557670.419 172.345
p72 1842871.728 557675.228 172.284
p73 1842434.704 557848.316 70.050
p74 1842429.453 557843.724 70.019
p75 1842425.426 557848.662 69.926
p76 1842429.301 557847.849 71.614
p77 1842429.417 557852.493 71.671
p78 1842419.120 557928.774 72.615
p79 1842423.949 557929.102 72.436
p80 1842423.650 557934.176 72.587
p81 1842428.633 557931.016 72.021
p82 1842424.582 557924.305 72.393
p1 1839456.537 551567.586 390.385
p2 1839455.737 551570.302 390.454
p3 1839455.886 551572.885 391.976
p4 1839458.766 551560.745 390.403
p5 1839217.069 551638.912 407.335
p6 1839241.033 551638.647 407.796
p7 1839256.356 551636.822 404.888
p8 1838823.184 549723.573 379.638
p9 1838793.063 549717.668 385.393
p10 1838791.248 549707.746 387.429
p11 1838825.290 549713.074 379.958
p12 1838829.751 549712.874 379.133
p13 1838832.338 549714.244 379.160
p14 1838824.430 549725.370 379.607
p15 1838827.186 549727.360 379.604
p16 1839728.509 552091.269 418.270
p17 1839727.186 552084.522 418.269
p18 1839718.262 552083.873 417.829
p19 1839699.558 552082.429 417.307
p20 1839698.794 552088.812 418.090
p21 1839728.378 552082.276 417.650
p22 1839733.594 552082.586 417.593
p23 1839728.883 552092.975 418.254
p24 1839733.363 552093.419 418.273
