p19 1837891.709 551038.550 341.603
p1 1838017.165 551505.459 378.236
p2 1838017.171 551505.453 378.247
p3 1838038.809 551498.777 377.936
p4 1838038.808 551498.781 377.930
p5 1838025.964 551443.898 369.113
p6 1838006.643 551453.206 369.988
p7 1838006.635 551453.205 370.045
p8 1838139.459 551640.116 379.126
p9 1838139.459 551640.116 379.129
p10 1838101.804 551655.736 378.754
p11 1838101.812 551655.732 378.753
p12 1838103.897 551659.329 377.289
p13 1838103.899 551659.332 377.242
p14 1837881.257 551071.236 335.363
p15 1837881.268 551071.242 335.364
p16 1837879.463 551058.859 335.271
p17 1837892.039 551046.390 336.544
p18 1837892.056 551046.390 336.560
p20 1837891.492 551038.779 340.889
p21 1837868.864 551031.722 334.828
p22 1837868.867 551031.719 334.831
p23 1837847.494 551076.128 334.039
p24 1837847.484 551076.107 334.038
p25 1840072.432 551875.187 421.389
p26 1840072.413 551875.185 421.393
p27 1840080.045 551880.526 422.148
p28 1840080.037 551880.511 422.148
