p1 1839466.356 551882.787 406.907
p2 1839466.354 551882.791 406.912
p3 1839473.520 551881.855 405.847
p4 1839473.508 551881.821 405.833
p5 1839460.237 551854.392 405.273
p6 1839460.272 551854.365 405.268
p7 1839455.778 551856.395 406.183
p8 1839455.779 551856.392 406.174
p9 1839468.089 551853.810 404.932
p10 1839468.090 551853.804 404.930
p11 1839480.174 551880.052 404.764
p12 1839480.182 551880.050 404.774
p13 1839480.866 551880.738 404.666
p14 1839482.648 551882.889 404.614
p15 1839463.631 551884.603 406.548
p16 1839464.742 551886.919 406.464
p1 1841268.444 548751.989 507.163
p2 1841268.475 548751.999 507.163
p3 1841200.092 548814.767 503.134
p4 1841200.093 548814.760 503.092
p5 1841200.089 548814.754 503.084
