p10 1840677.787 550593.874 436.954
FY_p7_0 1840711.996 550472.554 463.557
FY_p7_1 1840696.197 550483.457 454.349
FY_p7_2 1840713.198 550508.379 449.407
p11 1838038.725 551498.701 377.403
p12 1838026.519 551449.885 369.760
p13 1838048.750 551444.371 369.195
p14 1838058.285 551469.129 374.137
p15 1838064.031 551490.068 377.148
p16 1837980.037 551545.391 380.892
p17 1837978.154 551543.030 380.881
p18 1837984.384 551538.467 380.469
p19 1837970.525 551500.537 376.322
p20 1837968.196 551490.277 375.092
p21 1837979.765 551496.509 375.700
p22 1837977.683 551488.861 374.675
p23 1837993.058 551533.430 380.171
p24 1837995.675 551532.423 380.230
p25 1837996.729 551535.420 380.218
