p118  1852593.355 537046.934 545.717
p126  1853668.815 537302.431 605.590
p127  1853704.015 537331.096 610.237
p128  1853725.456 537332.934 608.440
p130  1853773.908 537320.018 630.483
p136  1853756.569 537497.826 673.289
p150  1853446.954 537331.081 590.289
p153  1853386.500 537233.658 586.732
p154  1853340.670 537186.190 587.264
p161  1853508.465 537070.240 624.193
p162  1853514.287 537033.320 617.270
p167  1853460.986 536985.555 619.100
p171  1853424.992 537090.426 600.605
p175  1853469.342 536963.220 620.352
p178  1853448.510 536902.811 607.869
p179  1853468.731 536854.449 603.591
p180  1853486.835 536819.134 597.035
p181  1853500.566 536807.759 595.268
p182  1853497.274 536768.198 584.841
p183  1853465.184 536740.519 582.053
p184  1853430.056 536752.454 578.036
p185  1853395.098 536758.928 597.973
p186  1853358.400 536774.612 585.048
p187  1853315.608 536817.376 603.626
p188  1853300.117 536783.514 577.909
p189  1853268.077 536789.218 572.713
p190  1853256.988 536826.762 592.751
p193  1853237.058 536903.990 597.717
p200  1853341.762 536952.288 618.316
p203  1853406.813 536955.780 619.068
p211  1853333.530 537004.117 601.836
p212  1853355.716 536996.012 597.013
p216  1853435.554 536966.098 624.758
p228  1853000.900 536752.981 574.827
p229  1852955.746 536721.107 579.644
p230  1852943.742 536710.189 560.574
p1  1839156.093 552051.493 399.954
p2  1839145.822 552045.232 400.067
p3  1839129.698 552080.271 394.847
p4  1839138.925 552084.392 396.618
p5  1839121.597 552076.492 393.371
p6  1839137.942 552039.601 399.196
p7  1840530.546 549358.528 438.738
p8  1840508.974 549359.710 438.232
p9  1840496.965 549360.735 436.327
p10  1840499.217 549359.412 436.477
p11  1840497.567 549351.691 436.006
p12  1840495.877 549351.967 436.190
p13  1840485.153 549365.669 435.476
p14  1840477.572 549370.314 438.652
p15  1840475.624 549368.003 438.384
p16  1840462.214 549367.898 434.551
p17  1840461.551 549355.320 434.541
p18  1840473.105 549355.780 437.217
p19  1840487.660 549350.727 437.285
p20  1840516.207 549346.869 438.333
p21  1840522.971 549343.745 439.300
p22  1840528.099 549346.391 439.256
p23  1840464.092 549375.099 434.875
p24  1840432.850 549371.036 432.552
p25  1840427.131 549375.875 432.274
p26  1840440.182 549384.346 433.152
p27  1840453.430 549397.117 432.986
p28  1840473.494 549380.385 433.237
p29  1840985.974 551635.964 451.798
p30  1840990.611 551639.153 451.783
p31  1840976.414 551657.392 451.430
p32  1840972.814 551652.911 451.570
p33  1840952.254 551630.987 449.463
p34  1840959.694 551621.185 449.410
p35  1840982.664 551637.483 452.269
p36  1840974.335 551647.914 451.495
p37  1840990.587 550934.301 457.011
p38  1840984.259 550928.643 457.033
p39  1840991.663 550935.557 457.029
p40  1840997.265 550942.720 458.491
p41  1841000.794 550947.684 457.659
p42  1840983.433 550946.188 456.513
p43  1840972.787 550956.255 456.324
p44  1840964.273 550953.368 456.290
p45  1840976.078 550956.233 456.111
p46  1841020.122 550975.428 447.759
p47  1841022.740 550976.294 447.128
p48  1841018.528 550979.547 447.095
p49  1841014.656 550984.228 447.009
p50  1841010.384 550991.628 446.649
p51  1842375.090 548752.688 524.857
p52  1842372.529 548754.725 524.895
p53  1842389.549 548771.801 524.125
p54  1842391.915 548769.061 524.089
p55  1842368.148 548741.813 524.061
p56  1842385.625 548722.249 520.665
p57  1842395.307 548712.932 518.333
p58  1842407.902 548700.880 515.192
p59  1842407.161 548701.333 515.156
p60  1842429.092 548722.034 514.616
p61  1837886.226 548838.349 367.468
p62  1837917.800 548848.564 367.001
p63  1837918.130 548848.246 367.076
p64  1837913.511 548854.797 366.565
p65  1837929.674 548876.539 365.049
p66  1837933.210 548864.777 364.224
p67  1837936.848 548861.337 363.940
p68  1837943.478 548854.558 363.762
p69  1837953.268 548847.278 364.941
p70  1837943.912 548835.709 366.960
p71  1837941.711 548836.810 366.958
p72  1837921.036 548841.892 368.241
p73  1837921.303 548841.834 368.010
p74  1837743.851 548604.084 359.581
p75  1837756.019 548587.622 361.859
p76  1837793.194 548605.409 364.553
p37  1843375.582 549006.734 504.172
p38  1843368.304 549034.328 505.450
p39  1843373.081 549046.031 505.663
p40  1843409.477 549028.265 502.433
p41  1843452.460 549008.338 498.485
p42  1843456.288 549006.580 498.138
p43  1843440.747 548980.473 498.695
p44  1843438.373 548976.529 498.920
p45  1843371.699 549046.263 505.857
p46  1843394.860 549034.998 503.932
p47  1843375.704 549007.233 503.946
p48  1843908.272 548575.556 504.575
p49  1843907.183 548566.617 504.641
p50  1843908.135 548561.262 504.781
p51  1843908.365 548558.477 504.786
p52  1843907.649 548555.889 504.822
p53  1843899.530 548545.160 505.060
p54  1843892.248 548536.648 505.412
p55  1843890.346 548534.529 505.500
p56  1843872.553 548538.494 506.160
p57  1843870.782 548535.497 506.167
p58  1843887.163 548530.855 505.870
p59  1843901.567 548521.100 505.682
p60  1843905.533 548514.693 505.727
p61  1843904.356 548520.076 505.649
p62  1843907.211 548520.750 505.599
p63  1843909.855 548523.289 505.518
p64  1843915.047 548524.654 505.349
p65  1843924.224 548546.652 504.876
p66  1843927.800 548545.649 504.878
p67  1843940.241 548572.000 504.126
p68  1843943.771 548571.164 504.092
p117  1852595.660 537184.261 554.807
p119  1853389.671 537166.887 585.029
p120  1853436.281 537216.238 588.731
p121  1853474.845 537228.806 591.344
p122  1853507.630 537254.512 589.699
p123  1853550.598 537258.830 598.677
p124  1853582.737 537280.392 597.561
p125  1853646.247 537298.721 601.999
p129  1853763.557 537334.358 623.879
p131  1853811.696 537320.182 639.563
p132  1853838.430 537335.622 652.955
p133  1853840.812 537388.493 658.581
p134  1853834.489 537407.271 661.123
p135  1853803.912 537462.589 681.959
p137  1853758.483 537504.275 677.904
p138  1853734.404 537529.394 677.979
p139  1853715.969 537550.230 691.134
p140  1853707.962 537558.655 697.691
p141  1853674.459 537580.230 704.647
p142  1853660.395 537534.618 690.736
p143  1853616.905 537506.478 666.539
p144  1853600.663 537482.076 647.866
p145  1853587.839 537452.833 632.717
p146  1853571.643 537438.407 622.024
p147  1853543.156 537425.510 608.269
p148  1853517.474 537405.183 599.533
p149  1853495.909 537370.208 601.940
p151  1853396.566 537316.744 585.599
p152  1853392.171 537283.413 584.722
p155  1853366.079 537175.366 584.294
p156  1853414.860 537147.435 586.706
p157  1853447.972 537134.966 586.592
p158  1853474.821 537118.694 586.276
p159  1853507.701 537124.348 587.606
p160  1853517.797 537110.777 593.745
p163  1853512.943 537005.199 628.941
p164  1853510.276 536963.204 626.472
p165  1853480.908 536967.921 622.508
p166  1853467.671 536969.158 623.043
p168  1853438.199 536980.420 620.689
p169  1853411.564 537012.186 608.753
p170  1853400.767 537050.106 607.104
p172  1853421.430 537123.394 592.058
p173  1853415.122 537145.191 586.914
p174  1853433.932 536952.977 620.159
p176  1853466.153 536951.173 625.903
p177  1853455.284 536926.027 613.886
p191  1853251.717 536850.560 587.251
p192  1853249.338 536877.733 589.837
p194  1853242.718 536905.457 602.329
p195  1853242.803 536905.467 602.191
p196  1853242.691 536922.549 610.347
p197  1853248.691 536943.469 615.797
p198  1853276.048 536945.423 616.369
p199  1853303.996 536948.736 618.254
p201  1853385.741 536951.664 613.810
p202  1853431.559 536958.258 618.610
p204  1853373.318 536956.970 617.697
p205  1853323.592 536955.900 618.442
p206  1853266.559 536949.560 616.230
p207  1853267.267 536969.463 615.972
p208  1853248.606 536971.202 615.158
p209  1853249.196 536993.961 604.503
p210  1853248.578 537013.955 594.870
p213  1853387.123 536995.897 607.592
p214  1853414.571 536986.512 613.072
p215  1853427.113 536983.405 614.743
p217  1853436.218 536965.012 622.274
p218  1852874.840 536687.251 580.275
p219  1852878.344 536714.155 580.881
p220  1852894.014 536748.597 583.106
p221  1852911.720 536771.815 585.107
p222  1852938.914 536803.448 588.622
p223  1852983.205 536840.641 595.560
p224  1852997.415 536818.222 593.520
p225  1853007.062 536800.481 582.855
p226  1853013.112 536789.957 574.460
p227  1853025.472 536780.131 562.266
p231  1852916.482 536683.016 551.602
p232  1852882.536 536686.206 580.372
p233  1852740.531 536620.670 562.585
p234  1852779.203 536636.942 568.911
p235  1852793.412 536643.312 571.317
p236  1852805.209 536607.629 565.101
p237  1852821.198 536555.892 554.420
p238  1852826.528 536539.346 551.014
p239  1852839.323 536507.213 551.619
p240  1852841.296 536491.205 550.400
p241  1852810.990 536476.871 549.299
p242  1852799.388 536457.407 549.109
p243  1852779.473 536455.099 548.941
p244  1852755.546 536465.124 544.126
p245  1852763.335 536517.659 553.253
p246  1852762.614 536540.118 555.581
p247  1852758.764 536558.406 557.403
p248  1852758.699 536558.337 557.406
p249  1852785.946 536565.677 556.199
p250  1852750.317 536585.792 560.084
