p1	1835421.908	543006.969	216.425
p2	1835414.517	542994.433	215.823
p3	1835409.325	542985.284	215.155
p4	1835409.372	542985.761	215.256
p5	1835401.08	542986.159	214.563
p6	1835393.195	542986.619	214.075
p7	1835386.196	542983.215	213.602
p8	1835376.928	542987.309	212.754
p9	1835383.012	543002.157	214.107
p10	1835389.192	543000.246	214.837
p11	1835382.096	543005.825	214.542
p12	1835368.72	543019.394	213.627
p13	1835380.897	543035.653	214.56
p14	1835380.853	543037.109	214.493
p15	1835382.366	543039.646	214.572
p16	1835395.93	543025.6	215.558
p17	1835397.822	543028.064	215.584
p18	1835396.636	543025.13	215.544
p19	1835402.159	543020.847	215.665
p20	1835402.164	543020.859	215.694
p21	1835407.456	543021.045	216.02
p22	1835405.626	543018.571	215.817
p23	1835424.115	543005.979	216.403
p24	1835425.593	543008.185	216.524
p1	1834619.896	543650.748	208.125
p2	1834640.256	543653.822	207.68
p3	1834654.425	543656.743	206.732
p4	1834663.353	543657.596	207.192
p5	1834680.886	543659.98	206.569
p6	1834698.789	543662.122	204.688
p7	1834675.178	543627.154	202.655
p8	1834643.297	543633.106	207.439
p9	1834617.399	543632.511	207.914
p10	1834616.616	543632.065	207.913
p11	1834613.96	543632.038	207.893
p12	1834616.872	543650.949	207.926
p13	1834614.206	543650.859	208.117
p14	1834622.064	543637.511	207.446
p1	1839633.075	547772.228	450.203
p2	1839623.673	547762.21	445.612
p3	1839593.621	547751.74	438.016
p4	1839587.906	547742.622	436.573
p5	1839588.206	547717.003	437.232
p6	1839600.47	547684.095	440.269
p7	1839607.331	547662.218	441.325
p8	1839619.707	547644.975	445.111
p9	1839630.286	547636.801	447.07
p10	1839656.242	547643.594	455.586
p11	1839680.91	547646.735	462.024
p12	1839698.746	547652.245	462.53
p13	1839703.667	547654.297	462.558
p14	1839696.439	547675.355	461.931
p15	1839691.16	547673.703	462.011
p16	1839671.586	547713.01	457.772
p17	1839675.969	547715.853	457.853
p18	1839654.313	547752.04	453.586
p19	1839649.76	547749.061	453.507
p20	1839641.89	547765.525	451.608
p21	1839646.463	547768.307	451.795
p22	1839634.45	547774.715	450.211
p23	1839638.286	547779.202	450.236
p1	1838403.692	549629.627	374.95
p2	1838387.724	549632.978	374.942
p3	1838370.474	549636.964	372.345
p4	1838367.151	549623.465	372.165
p5	1838373.022	549621.905	374.691
p6	1838383.707	549622.281	375.001
p7	1838387.737	549632.996	374.784
p8	1838400.271	549618.741	374.947
p9	1838398.596	549614.21	374.774
p10	1838382.709	549619.052	374.922
p11	1838391.233	549595.535	375.043
p12	1838384.768	549597.319	374.507
p13	1838400.49	549595.357	374.88
p14	1838399.284	549595.344	374.11
p15	1838398.657	549592.748	375.085
p16	1838430.717	549591.254	377.422
p17	1838432.097	549590.77	377.689
p18	1838431.487	549588.241	377.626
p19	1838409.927	549619.163	375.177
p20	1838435.731	549615.992	378.175
p21	1838411.083	549626.558	374.972
p22	1838405.708	549628.37	374.892
p23	1838392.333	549595.086	374.8
p24	1838398.045	549592.43	374.782
p25	1838343.29	549587.588	372.286
p26	1838329.454	549589.692	371.993
p27	1838327.327	549569.122	372.378
p28	1838337.856	549567.413	372.284
p29	1838342.018	549569.762	372.107
p30	1838344.015	549573.944	372.043
p31	1838345.054	549579.497	372.007
p1	1838923.406	548789.859	390.12
p2	1838903.527	548778.592	394.481
p3	1838884.548	548769.268	397.179
p4	1838873.179	548753.5	398.228
p5	1838888.74	548746.117	396.104
p6	1838925.216	548729.484	390.959
p7	1838921.144	548720.088	390.828
p8	1838909.399	548689.017	389.664
p9	1838934.91	548679.743	384.016
p10	1838946.837	548675.171	381.613
p11	1838963.972	548668.511	377.666
p12	1838968.657	548670.676	376.756
p13	1838970.768	548678.164	376.546
p14	1838974.721	548698.969	377.151
p15	1838981.628	548719.069	378.908
p16	1838984.519	548723.79	379.029
p17	1838962.703	548742.279	383.575
p18	1838955.015	548743.577	384.303
p19	1838955.415	548751.917	385.073
p20	1838951.589	548750.207	385.128
p21	1838935.516	548778.756	387.242
p22	1838938.221	548781.511	387.036
p23	1838922.85	548791.831	388.028
p24	1838925.601	548795.019	387.908
p1	1839015.584	549089.375	407.974
p2	1839052.153	549082.114	410.006
p3	1839051.157	549073.126	409.989
p4	1839012.932	549079.553	407.837
p5	1839010.243	549079.885	407.715
p6	1839012.457	549091.6	408.074
p7	1839344.586	549431.131	395.31
p8	1839345.511	549451.862	392.238
p9	1839344.136	549476.071	388.414
p10	1839341.632	549497.822	381.442
p11	1839366.31	549505.169	382.571
p12	1839390.818	549508.657	383.604
p13	1839403.52	549506.929	383.816
p14	1839429.643	549498.767	383.88
p15	1839458.603	549481.433	384.524
p16	1839445.878	549468.096	387.758
p17	1839433.913	549451.728	390.947
p18	1839424.026	549433.693	393.11
p19	1839415.858	549422.027	397.088
p20	1839399.396	549433.159	396.579
p21	1839387.538	549438.015	396.266
p22	1839377.766	549433.735	396.593
p23	1839365.224	549424.896	397.08
p24	1839363.636	549421.692	397.156
p25	1839361.403	549418.526	397.195
p26	1839349.112	549424.004	396.54
p27	1839348.884	549427.067	396.483
p28	1839333.504	549425.78	396.322
p29	1839333.514	549422.591	396.361
p1	1838372.676	549157.272	380.763
p2	1838366.563	549188.272	381.746
p3	1838373.065	549188.768	381.935
p4	1838382.531	549189.431	381.436
p5	1838384.712	549189.335	381.98
p6	1838389.053	549158.965	381.054
p7	1838390.301	549157.463	381.005
p8	1838390.485	549154.396	380.957
p9	1838379.202	549157.815	380.846
p10	1838378.74	549157.707	380.615
p11	1838371.536	549154.503	380.236
p12	1838372.194	549151.416	380.147
p1	1837898.004	551576.682	375.833
p2	1837906.646	551603.788	375.926
p3	1837899.88	551608.141	375.253
p4	1837891.379	551581.967	375.299
p5	1837893.418	551577.601	375.436
p6	1837910.844	551571.721	376.972
p7	1837918.698	551596.655	377.116
p1	1839537.946	552263.505	406.544
p2	1839520.487	552259.274	404.717
p3	1839502.558	552256.03	403.376
p4	1839498.275	552274.258	402.182
p5	1839496.957	552280.326	400.918
p6	1839504.818	552282.628	402.057
p7	1839506.247	552276.8	403.245
p8	1839532.806	552282.491	404.521
p9	1839533.334	552283.337	404.482
p10	1839537.656	552284.339	404.51
p11	1839543.599	552261.835	407.164
p12	1839539.364	552260.965	406.966
