p76 1838226.617 543260.065 248.556
p77 1838231.207 543273.288 246.389
p83 1838110.308 543247.798 273.473
p84 1838155.599 543242.145 276.508
p85 1838180.538 543269.988 271.279
q102 1838168.948 542430.359 242.300
q103 1838172.672 542430.970 239.736
q180 1838851.322 541721.897 271.898
q199 1838814.438 541963.892 317.838
q216 1838714.333 541802.143 260.065
q221 1839304.725 542812.514 339.388
q222 1839265.918 542755.650 334.958
q223 1839279.099 542738.428 328.184
q224 1839226.669 542714.338 358.617
q225 1839214.387 542700.978 364.152
q226 1839172.320 542704.068 383.499
q227 1839167.923 542709.804 385.036
q221 1839053.694 543001.761 407.406
q222 1839059.359 543009.336 408.855
q221 1839073.448 543181.286 415.687
q223 1839157.374 542996.349 402.277
q225 1839271.576 542881.439 373.517
q351 1838808.482 542415.187 297.703
q353 1838799.630 542346.017 309.737
q354 1838787.451 542348.397 309.937
q255 1839025.431 542421.141 302.455
q256 1839027.246 542424.388 306.438
q257 1838993.467 542418.617 300.481
q258 1838994.795 542415.947 302.879
q259 1838953.352 542400.285 298.838
q260 1838950.925 542402.859 298.194
q261 1838940.643 542397.847 300.445
q262 1838940.384 542394.540 299.484
q263 1838927.460 542394.584 295.677
q264 1838927.729 542398.761 297.584
q265 1838898.220 542385.211 296.767
q266 1838898.620 542380.164 293.365
q267 1839234.238 542498.527 297.852
q268 1839233.044 542504.038 298.395
q269 1839245.155 542504.621 300.385
q270 1839261.999 542512.789 302.719
q271 1839292.066 542519.585 305.559
q272 1839314.741 542524.688 306.638
q273 1839350.878 542521.190 302.656
q274 1839358.870 542527.018 301.968
q275 1839361.498 542524.806 301.116
q276 1839417.287 542614.148 298.747
q277 1839357.569 542634.208 311.531
q278 1839343.507 542539.113 308.662
q279 1839343.764 542542.271 310.151
q280 1839325.459 542568.906 320.957
q281 1839310.392 542582.705 327.572
q282 1839309.067 542591.590 328.010
q283 1839287.856 542613.241 331.033
q284 1839244.851 542628.937 346.191
q285 1839219.336 542654.135 360.315
q286 1839201.115 542616.886 348.193
q287 1839136.935 542339.819 297.097
q288 1839128.441 542325.091 296.760
q289 1839137.398 542309.413 295.928
q290 1839147.323 542293.114 296.378
q291 1839161.899 542374.195 294.998
q292 1839186.166 542364.956 298.041
q293 1839184.420 542357.968 291.967
q294 1839197.270 542351.927 295.234
q295 1839200.228 542352.978 293.296
q296 1839233.442 542349.635 299.757
q297 1839246.252 542339.318 295.616
q298 1839241.903 542333.719 294.461
q299 1839238.362 542325.843 302.425
q300 1839238.676 542315.496 307.603
q301 1839249.840 542335.992 294.267
q302 1839268.857 542327.900 293.410
q303 1839284.341 542322.259 294.391
q304 1839298.699 542314.596 294.072
q305 1839317.237 542274.907 305.788
q306 1839338.900 542288.112 303.293
q307 1839345.479 542298.830 313.088
q308 1839372.175 542310.798 318.052
q309 1839382.276 542322.546 321.227
q310 1839387.836 542353.609 333.273
q311 1839400.546 542420.795 322.365
q312 1839376.366 542433.451 318.719
q313 1839351.415 542432.120 323.554
q314 1839342.499 542423.858 331.522
q315 1839297.438 542416.588 309.057
q316 1839288.603 542393.162 321.390
q317 1839278.445 542393.649 316.611
q318 1839261.025 542407.834 318.199
q320 1839224.991 542435.182 302.986
q321 1839209.625 542458.651 292.449
q322 1839192.498 542458.671 302.265
q329 1838760.221 542314.741 327.651
p1 1837075.915 542125.204 213.823
p2 1837078.833 542105.181 210.887
p3 1837076.834 542097.889 210.236
p4 1837096.879 542072.131 207.377
p5 1837094.710 542064.391 206.441
p6 1837074.474 542053.088 207.717
p7 1837038.522 542051.608 207.275
p8 1837027.778 542068.081 210.481
p9 1837015.295 542095.641 212.246
p10 1837022.595 542101.537 212.755
p11 1837039.500 542107.053 213.074
p12 1836983.605 542017.832 205.962
p13 1836969.680 542026.801 208.745
p14 1836951.175 542047.561 208.925
p15 1836955.352 542051.518 209.257
p16 1836917.667 542099.782 214.765
p17 1836910.906 542095.026 214.414
p18 1836903.295 542084.483 212.156
p19 1836882.055 542074.255 213.053
p20 1836882.436 542057.394 204.857
p21 1836904.432 542047.146 205.044
p22 1836930.697 542032.694 207.743
p23 1836956.726 542014.221 206.722
p24 1837013.356 542039.765 206.733
p25 1837028.271 542369.744 227.703
p26 1837024.897 542370.672 227.369
p27 1837030.303 542390.273 226.723
p28 1837029.444 542394.661 226.414
p29 1837032.119 542414.637 226.803
p30 1837031.743 542425.009 226.209
p31 1837034.723 542432.952 226.357
p32 1837056.835 542445.096 226.782
p33 1837083.016 542444.952 227.596
p34 1837103.770 542450.464 225.632
p35 1837109.554 542454.704 224.627
p36 1837115.721 542461.994 223.753
p37 1837125.414 542452.235 223.027
p38 1837123.598 542440.377 224.794
p39 1837122.288 542427.614 226.829
p40 1837124.986 542401.654 229.828
p41 1837123.820 542391.423 230.598
p42 1837074.664 542353.258 234.827
p43 1837047.180 542331.135 231.580
p44 1837049.079 542328.387 231.650
p45 1837044.524 542325.607 229.703
p46 1837042.433 542329.880 229.805
p47 1837037.372 542336.023 229.615
p48 1837019.308 542344.925 228.159
p49 1837018.738 542348.559 228.004
p50 1837015.205 542349.554 227.970
p51 1837037.916 542229.888 225.993
p52 1837045.289 542185.533 220.128
p53 1837034.285 542180.955 219.862
p54 1837034.552 542172.105 218.765
p55 1837040.742 542155.745 216.982
p56 1837002.877 542131.392 215.972
p57 1836995.836 542133.748 216.601
p58 1836990.528 542133.921 216.955
p59 1836953.229 542109.761 216.790
p60 1836932.125 542126.096 221.601
p61 1836905.990 542144.838 235.661
p62 1836902.093 542146.669 236.548
p63 1836912.123 542168.790 242.008
p64 1836934.179 542193.773 246.933
p65 1836941.843 542226.894 249.317
p66 1836949.025 542229.365 248.910
p67 1836956.303 542246.673 250.324
p68 1836966.582 542274.963 250.951
p69 1836972.294 542278.703 246.982
p70 1836988.145 542298.763 237.254
p71 1837020.242 542326.151 232.147
p72 1837015.258 542336.493 228.226
p73 1837035.335 542325.408 229.099
p74 1837039.935 542316.506 228.863
p75 1837045.475 542287.265 226.924
p76 1837581.771 537578.654 210.018
p77 1837581.729 537578.640 210.059
p78 1837596.704 537586.214 210.726
p79 1837597.299 537586.433 210.743
p80 1837615.172 537601.762 211.155
p81 1837631.637 537612.256 211.560
p82 1837629.067 537610.383 212.904
p83 1837632.968 537613.817 210.927
p84 1837635.912 537619.233 210.950
p85 1837642.508 537609.872 211.189
p86 1837637.205 537606.495 211.360
p87 1837638.283 537606.391 211.156
p88 1837618.376 537593.240 211.639
p89 1837618.383 537593.255 212.067
p90 1837600.728 537563.189 211.345
p91 1837600.731 537563.245 211.300
p92 1837599.996 537562.797 210.954
p93 1837600.065 537562.737 210.410
p94 1837600.698 537563.007 210.822
p78 1838005.123 543317.829 333.315
p79 1838005.420 543298.115 331.220
p80 1837992.836 543271.103 329.947
p81 1838006.280 543261.910 323.853
p82 1838030.019 543250.921 306.104
p86 1838322.007 542273.907 327.249
p87 1838311.813 542285.889 336.764
p88 1838284.559 542269.876 336.236
p89 1838284.564 542269.832 336.218
p90 1838275.484 542304.807 338.177
p91 1838267.338 542317.208 326.214
p92 1838283.676 542330.151 329.274
p93 1838337.521 542465.287 313.076
p94 1838325.208 542517.350 298.580
p95 1838328.970 542526.237 296.053
p96 1838332.402 542532.062 294.289
p97 1838335.248 542539.548 292.315
p98 1838320.983 542564.269 284.548
p99 1838317.008 542588.183 278.105
p100 1838307.439 542609.595 274.220
p101 1838228.274 542611.832 230.289
p102 1838213.412 542683.117 236.052
p103 1838235.369 542534.832 226.107
10 1833649.177 544459.365 206.550
11 1833619.502 544457.497 206.813
q 1838184.935 542488.689 226.281
q101 1838151.213 542464.750 223.868
q104 1838174.202 542418.784 237.265
q105 1838172.841 542409.899 241.603
q106 1838186.770 542368.790 260.848
q107 1838181.030 542367.446 261.514
q108 1838199.772 542353.392 272.735
q109 1838224.770 542334.508 293.913
q110 1838218.833 542554.346 226.455
q111 1838221.981 542555.706 226.573
q112 1838227.008 542577.818 227.963
q113 1838223.233 542604.497 229.843
q114 1838202.877 542702.525 237.458
q115 1838177.197 542699.727 232.122
q116 1838268.092 542645.606 260.376
q117 1838231.771 542672.903 243.707
q118 1838174.884 542627.189 226.672
q119 1838232.039 542502.931 227.808
q120 1838209.679 542474.093 226.419
q121 1838178.196 542467.193 226.166
q122 1838250.054 542090.848 238.572
q123 1838281.855 542131.850 254.113
q124 1838293.866 542175.009 268.896
q125 1838346.436 542223.366 293.189
q126 1838406.939 542191.906 337.692
q127 1838413.064 542180.863 347.120
q128 1838401.340 542157.726 342.859
q129 1838372.145 542126.146 323.093
q130 1838336.159 542136.352 293.177
q131 1838325.748 542129.804 284.549
q132 1838245.893 542046.492 222.158
q133 1838358.245 541914.860 235.267
q134 1838353.161 541913.474 235.655
q135 1838353.176 541913.658 235.631
q136 1838352.399 541919.118 235.547
q137 1838311.764 541946.058 231.986
q138 1838314.317 541948.120 232.912
q139 1838379.375 541905.704 231.218
q140 1838378.907 541908.677 232.034
q141 1838404.344 541910.208 228.324
q142 1838416.893 541915.553 230.290
q143 1838432.715 541930.856 234.140
q144 1838424.793 541948.211 242.886
q145 1838422.942 541951.805 243.201
q146 1838409.332 542010.000 276.050
q147 1838408.862 541996.863 269.063
q148 1838377.493 541985.540 266.848
q149 1838064.506 542112.809 215.978
q150 1838064.459 542115.465 215.982
q151 1838107.683 542104.040 219.553
q152 1838145.704 542155.612 241.130
q153 1838192.479 542196.986 276.495
q154 1838191.742 542199.440 276.389
q155 1838217.081 542233.925 303.528
q156 1838220.336 542245.842 305.555
q157 1838200.111 542292.575 294.967
q149 1838128.118 542299.943 257.200
q150 1838130.348 542304.726 258.159
q151 1838141.854 542342.915 261.232
q152 1838130.391 542268.804 255.843
q153 1838122.759 542245.987 255.276
q154 1838117.005 542189.139 245.856
q155 1838098.882 542174.853 238.450
q156 1838073.285 542143.222 225.079
q157 1838058.865 542100.753 218.996
q158 1838058.710 542096.538 219.274
q159 1838056.999 542091.302 220.269
q160 1838040.595 542099.086 219.066
q161 1838042.533 542103.650 218.565
q162 1838043.813 542106.988 218.170
q163 1838033.801 542116.538 217.308
q164 1838036.449 542119.808 216.213
q165 1838638.516 541814.798 264.582
q166 1838637.751 541811.553 264.681
q167 1838662.693 541801.444 265.041
q168 1838672.343 541794.416 264.860
q169 1838681.875 541790.861 266.249
q170 1838692.161 541784.739 268.190
q171 1838707.964 541772.427 271.420
q172 1838718.818 541766.546 272.505
q173 1838732.303 541749.950 269.674
q174 1838736.254 541737.175 267.902
q175 1838739.835 541737.179 267.839
q176 1838744.436 541745.041 266.925
q177 1838766.788 541734.924 268.137
q178 1838778.795 541736.312 267.233
q179 1838788.490 541717.280 268.364
q181 1838910.675 541744.284 286.928
q182 1838916.234 541752.986 290.521
q183 1838956.438 541770.113 313.090
q184 1838974.275 541771.807 318.262
q185 1838970.245 541793.410 320.198
q186 1838962.701 541806.539 322.856
q187 1838954.876 541833.622 330.139
q188 1838951.080 541856.856 335.012
q189 1838930.794 541896.574 338.668
q190 1838944.781 541918.918 339.546
q191 1838937.064 541945.894 342.192
q192 1838927.430 541960.903 345.252
q193 1838925.787 541974.778 346.805
q194 1838906.641 541969.342 348.526
q195 1838878.163 541996.815 348.980
q196 1838869.590 542003.124 349.389
q197 1838857.862 542001.771 348.489
q198 1838846.697 541996.393 345.216
q200 1838799.487 541940.437 314.478
q201 1838797.038 541929.088 310.040
q202 1838805.978 541923.848 308.840
q203 1838819.453 541907.689 308.077
q204 1838817.885 541895.019 302.080
q205 1838814.614 541888.065 302.046
q206 1838818.679 541868.922 301.322
q207 1838826.994 541860.197 301.305
q208 1838825.025 541846.631 293.573
q209 1838823.987 541843.548 290.871
q210 1838796.445 541832.245 287.250
q211 1838773.355 541818.265 284.460
q212 1838791.833 541799.521 292.844
q213 1838801.272 541791.666 293.957
q214 1838699.511 541822.489 262.359
q215 1838690.237 541812.851 261.290
q165 1838677.817 541846.308 260.241
q166 1838675.569 541848.007 260.080
q167 1838676.860 541861.803 263.321
q168 1838714.724 541941.507 291.859
q169 1838703.214 541964.228 291.615
q170 1838682.545 541960.266 284.027
q171 1838663.777 541925.912 273.661
q172 1838659.561 541915.627 270.786
q173 1838651.719 541902.920 268.660
q174 1838617.566 541965.185 297.901
q175 1838617.625 541973.181 300.408
q176 1838599.542 541956.575 294.831
q177 1838594.521 541961.870 294.197
q178 1838592.619 541940.439 289.488
q179 1838594.394 541924.969 285.123
q180 1838584.759 541886.211 255.643
q181 1838594.301 541867.953 258.315
q182 1838610.638 541862.455 260.102
q183 1838634.815 541865.192 260.459
q184 1838651.250 541863.629 261.628
q185 1838669.683 541829.447 259.516
q186 1838665.835 541817.872 260.322
q187 1838662.060 541831.272 259.583
q188 1838664.518 541845.518 260.472
q189 1838652.249 541856.050 259.948
q190 1838631.053 541859.280 259.572
q191 1838631.685 541839.841 259.502
q192 1838657.757 541832.280 260.189
q193 1838654.299 541819.584 261.226
q194 1838627.626 541826.217 260.917
q195 1838597.401 541828.196 262.647
q196 1838583.601 541836.036 262.283
q197 1838587.494 541840.936 259.346
q198 1838600.761 541855.876 257.974
q199 1838594.425 541849.354 258.304
q200 1838580.110 541868.717 256.464
q201 1838571.847 541873.432 255.306
q202 1838564.150 541852.458 259.089
q203 1838546.696 541857.566 255.617
q204 1838599.124 541831.517 261.994
q205 1838509.745 542510.789 243.818
q206 1838494.920 542465.062 277.406
q207 1838461.365 542402.790 290.310
q208 1838431.278 542380.820 297.635
q209 1838428.845 542345.295 310.618
q210 1838375.261 542298.861 323.342
q211 1838348.925 542309.221 328.923
q212 1838338.046 542331.691 329.627
q213 1838326.904 542357.427 330.665
q214 1838327.568 542367.130 328.161
q215 1838341.393 542541.373 288.930
q216 1838378.291 542537.955 259.223
q217 1838424.521 542523.651 248.079
q218 1838439.323 542515.307 245.064
q219 1838446.652 542533.417 240.299
q220 1838441.861 542551.652 236.738
q221 1839151.921 542705.817 391.224
q222 1839127.413 542679.332 388.529
q223 1839116.191 542679.850 391.034
q224 1839112.382 542683.112 391.631
q225 1839095.622 542679.020 390.824
q226 1839085.345 542684.583 388.975
q227 1839094.355 542701.568 394.929
q228 1839093.291 542726.722 401.202
q229 1839058.514 542743.018 388.244
q230 1839053.164 542743.645 385.120
q231 1839051.632 542775.914 387.249
q232 1839079.191 542868.386 397.479
q233 1839058.374 542864.770 385.791
q234 1839039.586 542861.715 371.493
q235 1839029.066 542858.119 364.938
q223 1838988.777 543088.166 435.709
q224 1838947.119 543062.556 456.923
q225 1838927.047 543066.067 464.549
q226 1838894.322 543074.768 468.451
q227 1838885.011 543091.526 461.919
q228 1838880.927 543137.964 442.129
q229 1838938.523 543154.309 447.253
q230 1838961.276 543164.731 449.111
q231 1838991.446 543209.911 458.637
q232 1839014.198 543240.244 468.246
q233 1839034.631 543263.624 469.235
q234 1839042.057 543279.412 468.753
q235 1839078.153 543299.561 463.033
q236 1839116.504 543259.840 423.175
q237 1839122.325 543217.877 419.756
q238 1839117.147 543216.401 422.188
q239 1839097.816 543198.063 427.434
q240 1839097.811 543198.593 424.855
q241 1839081.419 543197.618 424.935
q222 1839108.965 542993.258 404.440
q224 1839196.699 542980.463 399.328
q350 1838785.491 542437.625 288.252
q352 1838829.344 542366.534 290.560
q355 1838764.372 542356.561 305.693
q356 1838743.185 542394.766 316.347
q357 1838746.074 542431.440 310.383
q226 1838731.686 542390.525 321.646
q227 1838703.523 542386.247 333.723
q228 1838693.752 542389.754 337.769
q229 1838637.459 542383.060 361.130
q230 1838641.145 542401.587 353.459
q231 1838640.388 542419.745 343.583
q232 1838591.594 542416.321 334.634
q233 1838580.853 542406.101 332.470
q234 1838565.183 542407.940 327.855
q235 1838527.557 542456.906 292.882
q236 1838528.317 542468.586 285.262
q237 1838639.128 542488.859 297.270
q238 1838711.353 542523.967 282.862
q239 1838782.951 542498.250 288.556
q240 1838803.230 542489.054 287.225
q241 1838946.577 542455.585 316.792
q242 1838945.436 542467.032 319.378
q243 1838935.008 542503.778 316.526
q244 1838927.823 542514.095 311.311
q245 1838919.607 542527.449 303.430
q246 1839031.420 542492.773 341.469
q247 1839033.627 542508.509 347.550
q248 1839048.507 542514.996 349.354
q249 1839073.758 542563.981 365.311
q250 1839098.642 542613.649 379.416
q251 1839123.496 542641.041 383.647
q252 1839124.894 542650.359 385.165
q253 1839125.886 542679.862 388.820
q254 1839031.212 542436.610 316.386
q319 1839241.033 542416.956 314.560
q323 1839137.863 542532.627 344.969
q324 1839082.903 542530.631 349.761
q325 1839034.604 542508.727 347.681
q326 1838793.032 542271.693 323.201
q327 1838794.078 542268.316 323.298
q328 1838775.075 542308.181 322.465
q330 1838748.761 542328.588 311.915
q331 1838597.014 542311.812 371.400
q332 1838613.375 542278.506 351.994
q333 1838630.370 542251.391 334.940
q334 1838651.743 542251.890 327.115
q335 1838672.152 542225.105 309.891
q336 1838674.405 542200.062 303.432
q337 1838668.505 542181.709 300.223
q338 1838675.797 542182.270 302.357
q339 1838675.833 542182.316 302.362
q340 1838731.725 542238.550 319.157
q341 1838730.099 542240.888 318.996
q342 1838774.585 542266.548 324.418
q343 1838777.337 542263.447 324.364
