p1  1835612.999 541801.597 209.117
p2  1835613.008 541801.581 209.159
p3  1835608.296 541788.416 208.296
p4  1835608.298 541788.433 208.345
p5  1835574.748 541810.432 204.227
p6  1835574.739 541810.426 204.235
p7  1835573.635 541800.788 203.970
p8  1835573.556 541800.676 203.136
p9  1835617.420 541804.945 209.037
p10  1835621.311 541803.654 209.123
p11  1835607.331 541782.257 207.605
p12  1835612.488 541780.322 207.751
p1  1836186.346 553237.802 355.128
p2  1836186.347 553237.807 355.130
p3  1836187.947 553236.818 354.856
p4  1836185.648 553232.589 354.706
p5  1836177.352 553236.210 355.351
p6  1836178.280 553240.175 355.482
p7  1836179.629 553240.167 355.452
p8  1836179.637 553240.172 355.450
p9  1836187.248 553258.286 354.330
p10  1836187.244 553258.294 354.339
p11  1836193.824 553256.171 354.055
p12  1836193.818 553256.187 354.049
