TR1,1841564.873,550220.250,0.000,,
T1,1841236.110,550621.530,-16.536,,
1,1841590.610,550177.260,179769313486231570000000000000000000000000000000000000000000000000000000000000000000000000000000000000000000000000000000000000000000000000000000000000000000000000000000000000000000000000000000000000000000000000000000000000000000000000000000000000000000000000000000000000000000000000000000000000000000000000000.000,,
2,1841569.084,550204.095,0.637,,
3,1841573.947,550208.006,0.672,,
4,1841566.929,550216.748,0.121,,
5,1841561.948,550213.065,0.034,,
6,1841560.653,550210.082,0.048,,
7,1841558.665,550208.397,0.253,,
8,1841567.003,550202.265,0.619,,
9,1841564.666,550200.505,0.726,,
10,1841545.673,550184.252,1.618,,
11,1841551.693,550201.481,0.580,,
