TR1,1840223.391,551200.213,0.000,,
T1,1840194.930,551270.110,-2.448,,
1,1840193.530,551108.040,179769313486231570000000000000000000000000000000000000000000000000000000000000000000000000000000000000000000000000000000000000000000000000000000000000000000000000000000000000000000000000000000000000000000000000000000000000000000000000000000000000000000000000000000000000000000000000000000000000000000000000000.000,,
2,1840214.250,551192.045,-2.724,,
3,1840205.674,551186.746,-5.569,,
4,1840202.129,551190.964,-6.691,,
5,1840197.836,551200.212,-8.462,,
6,1840187.742,551196.502,-12.184,,
7,1840182.140,551206.779,-14.782,,
8,1840168.991,551211.086,-14.128,,
9,1840169.963,551230.590,-8.137,,
10,1840197.645,551254.383,-2.592,,
11,1840198.994,551255.377,-2.430,,
12,1840203.004,551258.698,-2.495,,
13,1840219.215,551237.647,-2.135,,
14,1840215.557,551233.554,-2.153,,
15,1840214.254,551175.637,-0.308,,
