TR1,1838236.645,550303.943,0.000,,
T1,1838242.120,550255.280,-0.096,,
1,1838216.450,550449.280,179769313486231570000000000000000000000000000000000000000000000000000000000000000000000000000000000000000000000000000000000000000000000000000000000000000000000000000000000000000000000000000000000000000000000000000000000000000000000000000000000000000000000000000000000000000000000000000000000000000000000000000.000,,
2,1838241.171,550313.546,-0.331,,
3,1838256.932,550315.586,0.375,,
4,1838254.905,550315.342,0.100,,
5,1838252.108,550310.217,0.051,,
6,1838250.028,550310.083,-0.045,,
7,1838248.875,550306.520,0.007,,
8,1838246.342,550306.286,-0.175,,
9,1838249.231,550301.749,0.305,,
10,1838244.883,550301.292,-0.133,,
11,1838273.623,550308.599,-0.149,,
12,1838273.623,550308.073,-0.168,,
13,1838277.202,550309.007,-1.106,,
14,1838277.164,550308.377,-1.134,,
