TR1,1840010.299,551983.010,0.000,,
T1,1839975.500,551998.470,-1.097,,
1,1840085.300,551945.250,179769313486231570000000000000000000000000000000000000000000000000000000000000000000000000000000000000000000000000000000000000000000000000000000000000000000000000000000000000000000000000000000000000000000000000000000000000000000000000000000000000000000000000000000000000000000000000000000000000000000000000000.000,,
2,1840013.017,551980.529,-0.275,,
3,1840013.325,551986.472,-0.250,,
4,1840001.960,551990.329,-0.563,,
5,1839998.229,551985.547,-0.616,,
6,1840005.590,551981.716,-0.265,,
7,1839999.030,551984.326,-0.381,,
8,1839987.533,551987.541,-0.714,,
9,1839987.449,551987.730,-0.737,,
10,1840009.522,551955.678,-1.078,,
11,1840003.553,551956.616,-1.809,,
12,1840003.523,551962.705,-1.771,,
13,1840011.177,551979.665,-0.239,,
