
p59     1842194.737     551218.594     469.074
p56     1840215.405     555901.367     127.194
p57     1840240.415     555894.939     127.041
p58     1842228.751     551226.173     464.699
p60     1842157.460     551208.815     473.570
p61     1842152.822     551222.539     473.179
p62     1842144.282     551244.941     472.807
p63     1842178.223     551253.745     468.227
p64     1842245.014     551271.653     459.508
p65     1842250.679     551271.181     458.103
p66     1842252.186     551270.615     458.070
p67     1842253.547     551270.355     458.149
p68     1842257.578     551269.399     458.313
p69     1842258.826     551269.065     458.343
p70     1842260.530     551268.625     458.301
p71     1842262.108     551274.334     457.844
p72     1842259.595     551276.581     457.674
p73     1842255.507     551277.434     457.448
p74     1842263.971     551274.031     457.199
p75     1842302.664     551282.562     450.380
p76     1842310.747     551284.373     446.262
p77     1842313.456     551265.330     448.532
p78     1842298.111     551261.866     452.257
p79     1842292.787     551259.544     453.894
p80     1842291.207     551258.171     454.018
p81     1842290.818     551249.531     454.440
p82     1842289.475     551244.507     454.809
p83     1842286.131     551243.187     455.159
p84     1842274.115     551239.437     457.463
p85     1842261.374     551235.828     459.447
p86     1842250.877     551233.098     461.173
p87     1842245.685     551232.270     461.783
p88     1842245.042     551232.537     461.707
p89     1842243.552     551233.202     461.707
p90     1842242.741     551233.485     461.727
p91     1842238.957     551234.986     461.719
p92     1842237.737     551235.465     461.731
p93     1842236.489     551236.453     461.778
p94     1842235.633     551218.315     463.156
p95     1842232.071     551219.224     463.225
p96     1840470.985     555486.582     165.373
p97     1840502.920     555490.973     174.581
p98     1840522.168     555496.359     180.364
p99     1840535.871     555498.005     184.147
p100     1840534.897     555508.541     183.864
p101     1840534.203     555528.239     183.678
p102     1840540.243     555549.884     181.722
p103     1840540.794     555571.577     171.066
p104     1840552.461     555565.451     174.272
p105     1840565.965     555564.856     178.802
p106     1840582.916     555567.216     184.041
p107     1840581.843     555592.322     185.359
p108     1840560.055     555610.508     186.731
p109     1840534.896     555645.086     188.295
p110     1840524.414     555654.962     185.714
p111     1840523.139     555670.877     180.491
p112     1840516.178     555694.596     170.896
p113     1840508.358     555710.325     170.382
p114     1840502.893     555730.086     168.035
p115     1840503.027     555742.337     164.416
p116     1840502.164     555750.761     165.422
p117     1840500.901     555761.459     165.878
p118     1840500.220     555769.176     164.620
p119     1840491.818     555784.308     165.926
p120     1840479.691     555794.608     163.653
p121     1840470.528     555807.348     164.201
p122     1840468.677     555821.715     165.525
p123     1840458.000     555829.295     162.746
p124     1840449.565     555858.016     162.932
p125     1840409.387     555837.310     151.169
p126     1840391.096     555832.905     146.263
p127     1840366.573     555822.845     141.788
p128     1840338.333     555821.669     138.168
p129     1840318.383     555816.141     135.008
p130     1840329.945     555810.570     138.056
p131     1840350.277     555799.866     142.538
p132     1840355.776     555784.069     142.185
p133     1840388.364     555777.562     144.511
p134     1840395.810     555765.515     146.731
p135     1840402.845     555739.031     151.446
p136     1840407.775     555717.638     155.146
p137     1840414.889     555696.559     157.076
p138     1840421.946     555679.211     159.733
p139     1840452.019     555679.420     166.556
p140     1840453.675     555642.315     167.880
p141     1840437.314     555625.999     161.741
p142     1840444.035     555606.534     160.861
p143     1840456.378     555595.041     161.131
p144     1840467.648     555601.130     165.200
p145     1840474.707     555604.573     167.540
p146     1840485.073     555567.811     166.713
p147     1840440.997     555574.388     154.576
p148     1840419.411     555573.520     149.288
p149     1840416.038     555556.929     150.150
p150     1840430.111     555531.151     152.822
p151     1840438.948     555509.216     154.657
p152     1840433.939     555497.050     157.899
p153     1840414.519     555482.531     166.997
p154     1840405.778     555469.495     173.083
p155     1840400.477     555462.216     177.402
p156     1840401.779     555451.626     183.246
p157     1840415.637     555442.513     185.976
p158     1840416.389     555432.978     188.696
p159     1840409.377     555420.691     192.205
p160     1840402.409     555405.719     193.442
p161     1840380.113     555403.961     199.413
p162     1840354.798     555405.733     204.110
p163     1840476.452     555448.780     163.593
p164     1840501.553     555447.791     171.603
p165     1840526.175     555458.091     177.035
p166     1840524.706     555473.315     179.419
p167     1840480.705     555409.934     167.299
p168     1840498.251     555404.927     177.300
p169     1840480.069     555432.721     164.172
p170     1840472.865     555442.250     162.602
p171     1840532.783     555391.324     202.860
p172     1838373.197     550046.609     384.515
p173     1838373.642     550046.532     384.355
p174     1838379.207     550046.255     384.213
p175     1838372.619     550036.014     384.182
p176     1838371.367     550023.057     383.986
p177     1838376.902     550022.477     384.124
p178     1838358.124     550026.241     385.521
p179     1838351.338     550027.715     385.349
p180     1838349.927     550039.702     385.697
p181     1838354.287     550049.572     384.380
p182     1838068.377     550538.265     380.189
p183     1838070.917     550538.123     380.141
p184     1838077.050     550538.209     380.086
p185     1838070.043     550552.295     380.823
p186     1838076.213     550552.746     380.800
p187     1838076.362     550544.879     380.402
p188     1838070.234     550544.384     380.460
p189     1838059.228     550537.902     380.108
p33     1840035.226     555932.966     195.877
p32     1840025.898     555932.344     195.308
p1     1840210.371     555687.329     207.385
p2     1840210.387     555687.322     207.381
p3     1840185.764     555711.886     206.940
p4     1840167.079     555720.043     207.525
p5     1840158.009     555718.887     208.492
p6     1840149.276     555721.230     208.267
p7     1840140.761     555723.204     208.354
p8     1840139.017     555730.399     206.713
p9     1840140.634     555737.455     204.963
p10     1840140.379     555745.518     202.953
p11     1840139.903     555751.750     201.185
p12     1840137.168     555759.508     197.848
p13     1840118.902     555763.177     196.016
p14     1840109.110     555764.081     196.387
p15     1840089.330     555763.264     198.189
p16     1840081.471     555755.741     202.203
p17     1840074.354     555747.412     205.369
p18     1840065.832     555741.552     206.169
p19     1840059.126     555745.221     205.100
p20     1840055.369     555757.693     202.962
p21     1840049.947     555772.374     200.858
p22     1840040.586     555786.617     196.944
p23     1840033.355     555802.620     190.216
p24     1840035.448     555806.991     190.472
p25     1840039.082     555815.812     190.382
p26     1840042.680     555828.520     189.286
p27     1840027.631     555878.341     186.139
p28     1840018.431     555897.611     186.290
p29     1840005.434     555920.213     185.538
p30     1840002.691     555943.562     187.713
p31     1840016.282     555940.295     193.079
p34     1840056.263     555918.388     198.701
p35     1840070.959     555907.853     195.251
p36     1840084.667     555890.489     195.723
p37     1840086.529     555881.239     195.794
p38     1840089.770     555867.912     195.927
p39     1840091.476     555857.072     193.503
p40     1840093.739     555847.295     191.448
p41     1840112.697     555846.669     185.809
p42     1840116.706     555848.849     184.552
p43     1840130.761     555850.005     178.622
p44     1840239.569     555701.036     184.492
p45     1840233.196     555726.444     182.810
p46     1840212.237     555755.405     182.584
p47     1840207.151     555763.635     182.112
p48     1840198.462     555790.606     180.503
p49     1840216.691     555799.852     173.291
p50     1840227.410     555808.884     165.505
p51     1840237.471     555811.227     158.728
p52     1840259.935     555816.168     142.422
p53     1840285.547     555821.883     133.018
p54     1840293.942     555823.704     131.283
p55     1840283.256     555853.137     128.674
