p1 1841587.653 549494.333 478.498
p2 1841618.658 549534.023 484.082
p3 1841682.170 549474.363 491.729
p4 1841719.763 549518.281 498.873
p5 1841721.498 549519.423 499.322
p6 1841725.540 549519.698 499.971
p7 1841762.495 549489.197 502.284
p8 1841738.461 549451.484 494.699
p9 1841783.215 549428.932 494.155
p10 1841758.653 549401.687 481.347
p11 1841751.665 549398.200 477.738
p12 1841741.122 549420.308 481.700
p13 1841714.641 549407.259 477.826
p14 1841617.435 549434.163 472.347
p15 1841617.417 549434.886 472.233
p16 1841606.551 549459.766 472.219
