TL1,1837059.127,546476.479,0.000,,
TL0,1837074.220,546405.440,0.132,,
2,1837005.433,546730.906,5.149,,
3,1837054.111,546494.736,0.134,,
4,1837056.202,546486.885,0.088,,
5,1837051.601,546486.267,0.291,,
6,1837045.724,546485.367,0.595,,
7,1837065.268,546496.215,0.187,,
8,1837067.323,546488.402,0.235,,
9,1837069.722,546479.371,0.215,,
10,1837071.909,546467.798,0.227,,
11,1837073.408,546458.005,0.229,,
12,1837061.971,546456.816,-0.353,,
13,1837059.906,546469.795,-0.229,,
14,1837053.089,546464.542,-0.941,,
15,1837048.408,546454.908,-1.747,,
16,1837029.589,546461.273,-8.893,,
17,1836995.372,546481.134,-19.927,,
TL2,1837291.740,544823.080,1.660,,
T2,1837084.187,544994.772,0.000,,
18,1837252.360,544840.510,-0.594,,
19,1837253.190,544843.351,-0.559,,
20,1837251.111,544837.459,-0.192,,
21,1837243.120,544816.892,-1.333,,
22,1837274.735,544796.619,1.926,,
23,1837288.493,544819.494,1.395,,
24,1837290.888,544822.578,1.408,,
25,1837292.505,544824.969,1.428,,
26,1837286.785,544828.878,1.013,,
27,1837286.164,544831.612,0.941,,
28,1837286.915,544834.471,0.882,,
29,1837284.095,544836.256,0.813,,
30,1837281.499,544834.285,0.777,,
31,1837278.129,544833.246,0.553,,
32,1837276.799,544830.277,0.619,,
33,1837280.964,544825.023,0.639,,
34,1837241.792,544851.423,-0.719,,
TL3,1836435.670,539983.690,179769313486231570000000000000000000000000000000000000000000000000000000000000000000000000000000000000000000000000000000000000000000000000000000000000000000000000000000000000000000000000000000000000000000000000000000000000000000000000000000000000000000000000000000000000000000000000000000000000000000000000000.000,,
TL4,1836448.901,539955.939,179769313486231570000000000000000000000000000000000000000000000000000000000000000000000000000000000000000000000000000000000000000000000000000000000000000000000000000000000000000000000000000000000000000000000000000000000000000000000000000000000000000000000000000000000000000000000000000000000000000000000000000.000,,
35,1836450.049,539944.924,179769313486231570000000000000000000000000000000000000000000000000000000000000000000000000000000000000000000000000000000000000000000000000000000000000000000000000000000000000000000000000000000000000000000000000000000000000000000000000000000000000000000000000000000000000000000000000000000000000000000000000000.000,,
36,1836446.500,539954.350,179769313486231570000000000000000000000000000000000000000000000000000000000000000000000000000000000000000000000000000000000000000000000000000000000000000000000000000000000000000000000000000000000000000000000000000000000000000000000000000000000000000000000000000000000000000000000000000000000000000000000000000.000,,
37,1836443.359,539963.992,179769313486231570000000000000000000000000000000000000000000000000000000000000000000000000000000000000000000000000000000000000000000000000000000000000000000000000000000000000000000000000000000000000000000000000000000000000000000000000000000000000000000000000000000000000000000000000000000000000000000000000000.000,,
38,1836437.836,539962.391,179769313486231570000000000000000000000000000000000000000000000000000000000000000000000000000000000000000000000000000000000000000000000000000000000000000000000000000000000000000000000000000000000000000000000000000000000000000000000000000000000000000000000000000000000000000000000000000000000000000000000000000.000,,
39,1836439.633,539972.964,179769313486231570000000000000000000000000000000000000000000000000000000000000000000000000000000000000000000000000000000000000000000000000000000000000000000000000000000000000000000000000000000000000000000000000000000000000000000000000000000000000000000000000000000000000000000000000000000000000000000000000000.000,,
40,1836441.923,539974.004,179769313486231570000000000000000000000000000000000000000000000000000000000000000000000000000000000000000000000000000000000000000000000000000000000000000000000000000000000000000000000000000000000000000000000000000000000000000000000000000000000000000000000000000000000000000000000000000000000000000000000000000.000,,
41,1836432.433,539991.980,179769313486231570000000000000000000000000000000000000000000000000000000000000000000000000000000000000000000000000000000000000000000000000000000000000000000000000000000000000000000000000000000000000000000000000000000000000000000000000000000000000000000000000000000000000000000000000000000000000000000000000000.000,,
42,1836431.134,539991.527,179769313486231570000000000000000000000000000000000000000000000000000000000000000000000000000000000000000000000000000000000000000000000000000000000000000000000000000000000000000000000000000000000000000000000000000000000000000000000000000000000000000000000000000000000000000000000000000000000000000000000000000.000,,
43,1836434.723,539993.022,179769313486231570000000000000000000000000000000000000000000000000000000000000000000000000000000000000000000000000000000000000000000000000000000000000000000000000000000000000000000000000000000000000000000000000000000000000000000000000000000000000000000000000000000000000000000000000000000000000000000000000000.000,,
44,1836435.939,539982.497,179769313486231570000000000000000000000000000000000000000000000000000000000000000000000000000000000000000000000000000000000000000000000000000000000000000000000000000000000000000000000000000000000000000000000000000000000000000000000000000000000000000000000000000000000000000000000000000000000000000000000000000.000,,
45,1836438.326,539983.237,179769313486231570000000000000000000000000000000000000000000000000000000000000000000000000000000000000000000000000000000000000000000000000000000000000000000000000000000000000000000000000000000000000000000000000000000000000000000000000000000000000000000000000000000000000000000000000000000000000000000000000000.000,,
46,1836445.739,539953.775,179769313486231570000000000000000000000000000000000000000000000000000000000000000000000000000000000000000000000000000000000000000000000000000000000000000000000000000000000000000000000000000000000000000000000000000000000000000000000000000000000000000000000000000000000000000000000000000000000000000000000000000.000,,
47,1836424.450,539977.096,179769313486231570000000000000000000000000000000000000000000000000000000000000000000000000000000000000000000000000000000000000000000000000000000000000000000000000000000000000000000000000000000000000000000000000000000000000000000000000000000000000000000000000000000000000000000000000000000000000000000000000000.000,,
48,1836429.155,539978.983,179769313486231570000000000000000000000000000000000000000000000000000000000000000000000000000000000000000000000000000000000000000000000000000000000000000000000000000000000000000000000000000000000000000000000000000000000000000000000000000000000000000000000000000000000000000000000000000000000000000000000000000.000,,
49,1836436.123,539982.032,179769313486231570000000000000000000000000000000000000000000000000000000000000000000000000000000000000000000000000000000000000000000000000000000000000000000000000000000000000000000000000000000000000000000000000000000000000000000000000000000000000000000000000000000000000000000000000000000000000000000000000000.000,,
TTH1,1836127.736,540635.136,0.000,,
TH2,1836229.860,540509.670,4.819,,
50,1836112.846,540652.962,-1.305,,
51,1836123.397,540632.039,-0.788,,
52,1836148.229,540608.357,1.291,,
53,1836089.831,540591.781,-6.764,,
54,1836090.691,540589.043,-7.061,,
55,1836108.221,540573.370,-8.588,,
56,1836106.633,540570.437,-8.061,,
57,1836108.367,540572.179,-7.978,,
58,1836103.786,540576.974,-8.090,,
59,1836102.122,540575.304,-8.180,,
60,1836097.708,540579.702,-8.073,,
61,1836099.702,540581.386,-7.897,,
62,1836088.769,540592.364,-6.821,,
63,1836087.053,540590.600,-6.867,,
