1       1839050.261     536952.982     214.201
d1      1839050.264     536952.982     214.230
d2      1839046.899     536957.505     214.031
d3      1839044.574     536960.297     214.020
d4      1839040.996     536943.394     214.028
d5      1839036.741     536938.439     213.880
d6      1839032.897     536942.890     213.630
d7      1839027.970     536942.881     213.411
d8      1839051.664     536921.079     214.002
d9      1839056.070     536924.286     214.057
d10     1839066.477     536932.197     215.186
d11     1836744.203     536257.309     210.026
d12     1836743.572     536258.204     209.963
d13     1836737.527     536259.308     209.991
d14     1836733.201     536238.630     209.733
d15     1836739.309     536237.493     209.738
d16     1836739.183     536237.350     209.758
d17     1836740.153     536237.710     209.880
d18     1836774.655     536230.000     209.826
d19     1836778.791     536250.322     210.073
d20     1836768.743     536252.241     209.706
d21     1836778.692     536250.224     210.062
d22     1836753.120     536255.499     210.208
d23     1836926.088     545950.085     326.118
d24     1836926.350     545949.469     326.028
d25     1836937.053     545941.182     325.830
d26     1836937.099     545941.661     325.883
d27     1836937.097     545941.642     325.867
d28     1836919.697     545942.207     325.860
d29     1836932.929     545932.731     325.822
d30     1836932.955     545932.730     325.822
d31     1836915.812     545936.961     326.035
d32     1836929.990     545926.729     324.113
d33     1836905.567     545931.649     325.875
d34     1836912.230     545939.054     326.127
d35     1836923.509     545952.210     326.753
d36     1836914.972     545959.405     326.534
d37     1836907.186     545950.310     326.199
d38     1836899.675     545941.605     325.926
d39     1836925.951     545948.520     325.780
d40     1836879.248     545890.745     324.377
d41     1836878.503     545889.797     324.279
