TR1,1837967.112,537469.764,0.000,,
T1,1837929.070,537443.220,-0.738,,
1,1837899.940,537411.550,-2.353,,
2,1837981.190,537452.944,-0.985,,
3,1838014.788,537424.771,-1.979,,
4,1837991.002,537440.981,-0.754,,
5,1837999.708,537431.789,-2.841,,
6,1838003.600,537433.968,-1.570,,
7,1838007.120,537437.994,-2.099,,
8,1838005.306,537440.162,-2.061,,
9,1837987.885,537454.899,-1.326,,
10,1837991.599,537459.536,-1.960,,
11,1837989.818,537466.403,-1.555,,
12,1837999.015,537478.793,-1.138,,
13,1838000.314,537477.152,-2.204,,
14,1838013.445,537491.395,-1.329,,
15,1838014.222,537490.770,-1.036,,
16,1838018.768,537495.412,-0.923,,
17,1838017.049,537495.091,-1.826,,
18,1838028.441,537500.508,-0.069,,
19,1838028.849,537497.889,-0.379,,
20,1838038.310,537505.142,0.224,,
21,1838039.657,537509.981,0.002,,
22,1838014.310,537432.538,-1.927,,
23,1838016.671,537430.206,-1.631,,
24,1838019.149,537440.685,-0.348,,
25,1838016.744,537439.867,-3.490,,
26,1838002.281,537459.195,-1.724,,
27,1837998.367,537457.759,-0.705,,
28,1838006.656,537472.223,-1.649,,
29,1838004.979,537473.707,-2.007,,
30,1838005.548,537500.352,-0.683,,
31,1838010.687,537504.628,-0.613,,
32,1838005.180,537500.830,-0.675,,
33,1838006.786,537500.509,-0.773,,
34,1838009.500,537502.696,-0.752,,
35,1838010.552,537504.766,-0.284,,
36,1838040.896,537528.284,0.944,,
37,1838051.878,537515.731,0.258,,
38,1838052.762,537513.493,-0.415,,
39,1838056.281,537510.548,-0.092,,
40,1838057.592,537507.883,0.204,,
41,1838041.133,537497.685,-0.064,,
42,1838045.252,537509.931,-0.139,,
43,1838040.357,537501.932,-1.690,,
44,1838011.273,537427.706,-2.150,,
45,1838012.229,537424.637,-2.295,,
46,1838004.931,537408.138,-2.586,,
47,1838002.435,537409.072,-2.023,,
48,1837997.466,537392.929,-3.354,,
49,1837994.385,537394.033,-3.629,,
50,1837994.931,537407.521,-4.257,,
51,1837994.232,537414.123,-3.234,,
TR2,1838048.132,537286.038,0.000,,
T2,1838060.998,537283.781,0.089,,
52,1838066.741,537280.923,0.141,,
53,1838066.111,537280.424,0.511,,
54,1838060.852,537274.532,-1.190,,
55,1838062.944,537276.876,0.080,,
56,1838057.041,537270.834,-1.002,,
57,1838050.890,537280.432,-1.131,,
58,1838046.116,537282.673,-0.849,,
59,1838045.518,537284.183,-0.491,,
60,1838047.221,537291.356,-0.776,,
61,1838043.889,537291.982,-0.476,,
62,1838041.096,537292.537,-0.401,,
63,1838042.311,537303.346,0.699,,
64,1838043.512,537304.102,-0.506,,
65,1838043.026,537310.099,-0.076,,
66,1838008.961,537292.538,0.973,,
67,1838008.921,537292.553,0.962,,
68,1837996.081,537295.404,1.794,,
69,1837997.404,537302.558,1.756,,
70,1838003.766,537300.532,1.648,,
71,1838012.448,537298.613,0.913,,
TR3,1838013.600,537292.840,179769313486231570000000000000000000000000000000000000000000000000000000000000000000000000000000000000000000000000000000000000000000000000000000000000000000000000000000000000000000000000000000000000000000000000000000000000000000000000000000000000000000000000000000000000000000000000000000000000000000000000000.000,,
T3,1838060.938,537283.791,179769313486231570000000000000000000000000000000000000000000000000000000000000000000000000000000000000000000000000000000000000000000000000000000000000000000000000000000000000000000000000000000000000000000000000000000000000000000000000000000000000000000000000000000000000000000000000000000000000000000000000000.000,,
72,1838048.074,537286.040,179769313486231570000000000000000000000000000000000000000000000000000000000000000000000000000000000000000000000000000000000000000000000000000000000000000000000000000000000000000000000000000000000000000000000000000000000000000000000000000000000000000000000000000000000000000000000000000000000000000000000000000.000,,
73,1838036.075,537319.164,179769313486231570000000000000000000000000000000000000000000000000000000000000000000000000000000000000000000000000000000000000000000000000000000000000000000000000000000000000000000000000000000000000000000000000000000000000000000000000000000000000000000000000000000000000000000000000000000000000000000000000000.000,,
74,1838030.768,537324.183,179769313486231570000000000000000000000000000000000000000000000000000000000000000000000000000000000000000000000000000000000000000000000000000000000000000000000000000000000000000000000000000000000000000000000000000000000000000000000000000000000000000000000000000000000000000000000000000000000000000000000000000.000,,
75,1838032.364,537326.639,179769313486231570000000000000000000000000000000000000000000000000000000000000000000000000000000000000000000000000000000000000000000000000000000000000000000000000000000000000000000000000000000000000000000000000000000000000000000000000000000000000000000000000000000000000000000000000000000000000000000000000000.000,,
TR4,1837932.450,537248.340,0.000,,
T4,1837847.673,537355.406,0.340,,
76,1837920.404,537279.857,0.556,,
77,1837943.489,537265.660,0.689,,
78,1837979.467,537263.881,0.498,,
79,1837981.188,537267.773,1.283,,
80,1837992.639,537259.068,0.595,,
81,1837994.680,537264.567,1.881,,
82,1838041.304,537225.587,-0.099,,
83,1838048.740,537249.506,-0.429,,
84,1838052.638,537248.515,-0.063,,
85,1838057.630,537251.560,0.887,,
