TR1,1836726.721,536203.882,0.000,,
T1,1836751.520,536310.510,1.086,,
1,1836652.600,535828.240,179769313486231570000000000000000000000000000000000000000000000000000000000000000000000000000000000000000000000000000000000000000000000000000000000000000000000000000000000000000000000000000000000000000000000000000000000000000000000000000000000000000000000000000000000000000000000000000000000000000000000000000.000,,
2,1836725.503,536201.899,-0.088,,
3,1836722.773,536204.127,-0.375,,
4,1836731.366,536200.067,-0.084,,
5,1836733.664,536210.731,0.011,,
6,1836735.723,536220.712,0.119,,
7,1836728.808,536217.788,0.099,,
8,1836728.079,536217.900,0.110,,
9,1836716.264,536221.745,-0.297,,
10,1836692.767,536229.527,-0.294,,
11,1836688.007,536215.374,0.626,,
12,1836703.083,536210.589,0.014,,
