TR2,1838905.392,536760.719,0.000,,
T2,1838900.670,536746.020,-0.101,,
74,1838910.478,536833.572,-3.543,,
75,1838905.960,536771.559,-0.709,,
76,1838902.286,536772.446,-0.925,,
77,1838899.051,536772.901,-0.632,,
78,1838893.358,536763.379,-0.332,,
79,1838900.453,536760.923,-0.445,,
80,1838904.397,536758.304,-0.287,,
81,1838889.608,536775.328,-0.483,,
82,1838877.508,536768.859,-1.299,,
TH1,1839091.190,537004.060,0.000,,
H1,1838961.655,536869.365,-5.626,,
214,1839104.667,537010.267,0.630,,
215,1839105.899,537006.872,0.444,,
216,1839107.056,537003.909,0.725,,
217,1839113.339,537004.565,1.003,,
218,1839113.792,537007.468,0.800,,
219,1839113.095,537011.427,1.061,,
220,1839118.237,537010.739,1.295,,
221,1839117.527,537007.065,1.064,,
222,1839125.248,537004.793,1.569,,
223,1839131.537,537006.201,2.141,,
224,1839123.474,537001.917,1.316,,
225,1839125.283,537004.537,1.347,,
226,1839135.934,536995.313,2.177,,
227,1839137.319,536997.773,2.083,,
228,1839119.464,536978.202,2.555,,
229,1839139.045,537000.973,2.381,,
230,1839128.867,537006.929,1.709,,
TH3,1838691.928,536689.217,179769313486231570000000000000000000000000000000000000000000000000000000000000000000000000000000000000000000000000000000000000000000000000000000000000000000000000000000000000000000000000000000000000000000000000000000000000000000000000000000000000000000000000000000000000000000000000000000000000000000000000000.000,,
TH4,1838741.059,536647.888,179769313486231570000000000000000000000000000000000000000000000000000000000000000000000000000000000000000000000000000000000000000000000000000000000000000000000000000000000000000000000000000000000000000000000000000000000000000000000000000000000000000000000000000000000000000000000000000000000000000000000000000.000,,
231,1838717.928,536665.880,179769313486231570000000000000000000000000000000000000000000000000000000000000000000000000000000000000000000000000000000000000000000000000000000000000000000000000000000000000000000000000000000000000000000000000000000000000000000000000000000000000000000000000000000000000000000000000000000000000000000000000000.000,,
232,1838708.866,536673.989,179769313486231570000000000000000000000000000000000000000000000000000000000000000000000000000000000000000000000000000000000000000000000000000000000000000000000000000000000000000000000000000000000000000000000000000000000000000000000000000000000000000000000000000000000000000000000000000000000000000000000000000.000,,
233,1838695.607,536696.028,179769313486231570000000000000000000000000000000000000000000000000000000000000000000000000000000000000000000000000000000000000000000000000000000000000000000000000000000000000000000000000000000000000000000000000000000000000000000000000000000000000000000000000000000000000000000000000000000000000000000000000000.000,,
234,1838704.834,536689.121,179769313486231570000000000000000000000000000000000000000000000000000000000000000000000000000000000000000000000000000000000000000000000000000000000000000000000000000000000000000000000000000000000000000000000000000000000000000000000000000000000000000000000000000000000000000000000000000000000000000000000000000.000,,
235,1838693.460,536696.852,179769313486231570000000000000000000000000000000000000000000000000000000000000000000000000000000000000000000000000000000000000000000000000000000000000000000000000000000000000000000000000000000000000000000000000000000000000000000000000000000000000000000000000000000000000000000000000000000000000000000000000000.000,,
236,1838736.053,536751.439,179769313486231570000000000000000000000000000000000000000000000000000000000000000000000000000000000000000000000000000000000000000000000000000000000000000000000000000000000000000000000000000000000000000000000000000000000000000000000000000000000000000000000000000000000000000000000000000000000000000000000000000.000,,
237,1838730.983,536743.761,179769313486231570000000000000000000000000000000000000000000000000000000000000000000000000000000000000000000000000000000000000000000000000000000000000000000000000000000000000000000000000000000000000000000000000000000000000000000000000000000000000000000000000000000000000000000000000000000000000000000000000000.000,,
238,1838751.922,536729.046,179769313486231570000000000000000000000000000000000000000000000000000000000000000000000000000000000000000000000000000000000000000000000000000000000000000000000000000000000000000000000000000000000000000000000000000000000000000000000000000000000000000000000000000000000000000000000000000000000000000000000000000.000,,
239,1838744.813,536719.196,179769313486231570000000000000000000000000000000000000000000000000000000000000000000000000000000000000000000000000000000000000000000000000000000000000000000000000000000000000000000000000000000000000000000000000000000000000000000000000000000000000000000000000000000000000000000000000000000000000000000000000000.000,,
240,1838727.345,536707.445,179769313486231570000000000000000000000000000000000000000000000000000000000000000000000000000000000000000000000000000000000000000000000000000000000000000000000000000000000000000000000000000000000000000000000000000000000000000000000000000000000000000000000000000000000000000000000000000000000000000000000000000.000,,
241,1838689.097,536687.811,179769313486231570000000000000000000000000000000000000000000000000000000000000000000000000000000000000000000000000000000000000000000000000000000000000000000000000000000000000000000000000000000000000000000000000000000000000000000000000000000000000000000000000000000000000000000000000000000000000000000000000000.000,,
242,1838673.354,536680.466,179769313486231570000000000000000000000000000000000000000000000000000000000000000000000000000000000000000000000000000000000000000000000000000000000000000000000000000000000000000000000000000000000000000000000000000000000000000000000000000000000000000000000000000000000000000000000000000000000000000000000000000.000,,
243,1838681.274,536671.529,179769313486231570000000000000000000000000000000000000000000000000000000000000000000000000000000000000000000000000000000000000000000000000000000000000000000000000000000000000000000000000000000000000000000000000000000000000000000000000000000000000000000000000000000000000000000000000000000000000000000000000000.000,,
244,1838697.395,536660.415,179769313486231570000000000000000000000000000000000000000000000000000000000000000000000000000000000000000000000000000000000000000000000000000000000000000000000000000000000000000000000000000000000000000000000000000000000000000000000000000000000000000000000000000000000000000000000000000000000000000000000000000.000,,
245,1838661.947,536659.281,179769313486231570000000000000000000000000000000000000000000000000000000000000000000000000000000000000000000000000000000000000000000000000000000000000000000000000000000000000000000000000000000000000000000000000000000000000000000000000000000000000000000000000000000000000000000000000000000000000000000000000000.000,,
