TR4,1842753.656,549234.736,0.000,,
T4,1842774.792,549265.301,-0.819,,
21,1842771.449,549264.590,-0.848,,
22,1842744.188,549280.995,1.298,,
23,1842728.872,549259.854,1.898,,
24,1842758.279,549243.065,-0.305,,
25,1842759.821,549240.688,-0.170,,
26,1842764.404,549247.802,-0.316,,
27,1842774.125,549263.122,-0.773,,
28,1842645.372,549069.612,-1.826,,
29,1842790.993,549287.506,-1.205,,
30,1842796.110,549291.660,179769313486231570000000000000000000000000000000000000000000000000000000000000000000000000000000000000000000000000000000000000000000000000000000000000000000000000000000000000000000000000000000000000000000000000000000000000000000000000000000000000000000000000000000000000000000000000000000000000000000000000000.000,,
31,1842959.807,549036.125,-10.142,,
