1	1816931	553617
2	1816936	553615
3	1816938	553616
4	1816940	553623
5	1816942	553630
6	1816940	553636
7	1816937	553640
8	1816931	553641
9	1816925	553640
10	1816919	553640
11	1816916	553638
12	1816913	553635
13	1816904	553633
14	1816898	553632
15	1816892	553634
16	1816890	553635
17	1816887	553636
18	1816884	553639
19	1816881	553640
20	1816876	553640
21	1816870	553636
22	1816865	553630
23	1816868	553625
24	1816874	553621
25	1816884	553620
26	1816894	553619
27	1816903	553618
28	1816912	553617
29	1816921	553617
30	1816929	553615
31	1816937	553614
32	1816938	553612
33	1816936	553611
34	1816937	553610
35	1816928	553609
36	1816918	553612
37	1816907	553613
38	1816896	553615
39	1816886	553615
40	1816875	553614
41	1816867	553610
42	1816866	553600
43	1816868	553591
44	1816870	553584
45	1816869	553575
46	1816867	553568
47	1816863	553562
48	1816861	553560
49	1816856	553553
50	1816851	553545
51	1816845	553537
52	1816840	553531
53	1816843	553528
54	1816846	553526
55	1816849	553523
56	1816853	553520
57	1816856	553517
58	1816857	553513
59	1816860	553509
60	1816864	553508
61	1816867	553505
62	1816869	553502
63	1816871	553500
64	1816876	553502
65	1816879	553504
66	1816881	553507
67	1816882	553511
68	1816884	553514
69	1816884	553519
70	1816884	553526
71	1816887	553530
72	1816887	553536
73	1816890	553539
74	1816894	553541
75	1816897	553544
76	1816898	553547
77	1816898	553551
78	1816900	553554
79	1816901	553559
80	1816904	553564
81	1816908	553568
82	1816914	553571
83	1816919	553575
84	1816923	553578
85	1816927	553582
86	1816927	553586
87	1816928	553589
88	1816929	553593
89	1816930	553597
90	1816931	553601
91	1816931	553603
92	1816931	553603
93	1816934	553605
94	1816936	553611
95	1816929	553612
96	1816929	553613
97	1816933	553621
98	1816934	553622
99	1816934	553622
100	1816933	553624
101	1816932	553623
102	1816931	553622
103	1816930	553624
104	1816930	553625
105	1816931	553623
106	1816928	553618
107	1816930	553615
108	1816930	553615
109	1816931	553615
110	1816930	553615
111	1816930	553616
112	1816946	553608
113	1816989	553581
114	1817024	553551
115	1817055	553530
116	1817105	553524
117	1817155	553523
118	1817173	553518
119	1817167	553510
120	1817161	553501
121	1817159	553493
122	1817163	553484
123	1817167	553473
124	1817169	553459
125	1817170	553458
126	1817171	553458
127	1817170	553450
128	1817166	553440
129	1817164	553418
130	1817171	553393
131	1817173	553358
132	1817169	553321
133	1817160	553289
134	1817175	553281
135	1817196	553269
136	1817208	553249
137	1817225	553228
138	1817243	553214
139	1817254	553193
140	1817263	553173
141	1817266	553164
142	1817268	553154
143	1817264	553137
144	1817253	553122
145	1817246	553101
146	1817249	553079
147	1817252	553054
148	1817250	553039
149	1817250	553025
150	1817252	553014
151	1817255	553004
152	1817258	552988
153	1817264	552975
154	1817281	552972
155	1817298	552970
156	1817316	552961
157	1817328	552951
158	1817334	552946
159	1817337	552938
160	1817338	552919
161	1817349	552899
162	1817369	552884
163	1817383	552867
164	1817397	552850
165	1817409	552823
166	1817416	552801
167	1817415	552782
168	1817416	552779
169	1817416	552779
170	1817416	552779
171	1817416	552777
172	1817406	552775
173	1817399	552772
174	1817395	552767
175	1817391	552762
176	1817388	552754
177	1817386	552748
178	1817388	552742
179	1817387	552734
180	1817385	552730
181	1817382	552724
182	1817376	552718
183	1817373	552713
184	1817372	552708
185	1817371	552705
186	1817370	552701
187	1817368	552699
188	1817369	552697
189	1817370	552694
190	1817370	552689
191	1817369	552683
192	1817370	552679
193	1817370	552674
194	1817372	552673
195	1817375	552669
196	1817378	552667
197	1817379	552666
198	1817381	552663
199	1817381	552658
200	1817386	552654
201	1817389	552650
202	1817391	552645
203	1817394	552646
204	1817397	552641
205	1817402	552638
206	1817407	552633
207	1817412	552631
208	1817416	552625
209	1817422	552622
210	1817426	552618
211	1817431	552613
212	1817433	552607
213	1817441	552604
214	1817443	552597
215	1817445	552589
216	1817448	552581
217	1817451	552575
218	1817451	552568
219	1817451	552562
220	1817453	552557
221	1817452	552550
222	1817453	552545
223	1817456	552539
224	1817461	552533
225	1817465	552527
226	1817470	552519
227	1817474	552511
228	1817477	552504
229	1817480	552495
230	1817480	552486
231	1817490	552483
232	1817499	552481
233	1817508	552478
234	1817518	552477
235	1817526	552478
236	1817534	552480
237	1817545	552483
238	1817554	552487
239	1817564	552492
240	1817572	552494
241	1817581	552496
242	1817584	552498
243	1817581	552501
244	1817579	552502
245	1817576	552505
246	1817572	552508
247	1817570	552510
248	1817567	552513
249	1817565	552516
250	1817562	552521
251	1817560	552522
252	1817558	552525
253	1817555	552529
254	1817547	552533
255	1817543	552534
256	1817535	552537
257	1817530	552540
258	1817529	552541
259	1817524	552544
260	1817522	552548
261	1817519	552551
262	1817515	552555
263	1817509	552557
264	1817506	552561
265	1817504	552566
266	1817503	552573
267	1817499	552579
268	1817496	552584
269	1817496	552590
270	1817496	552597
271	1817498	552603
272	1817497	552612
273	1817495	552620
274	1817492	552625
275	1817490	552636
276	1817490	552644
277	1817492	552651
278	1817490	552661
279	1817489	552666
280	1817489	552673
281	1817495	552679
282	1817501	552683
283	1817502	552687
284	1817503	552694
285	1817504	552702
286	1817506	552709
287	1817508	552717
288	1817510	552724
289	1817513	552731
290	1817517	552738
291	1817524	552741
292	1817526	552748
293	1817525	552755
294	1817525	552763
295	1817529	552764
296	1817530	552765
297	1817534	552765
298	1817541	552764
299	1817545	552763
300	1817552	552764
301	1817557	552762
302	1817564	552760
303	1817570	552761
304	1817577	552760
305	1817582	552759
306	1817590	552761
307	1817595	552765
308	1817599	552767
309	1817603	552768
310	1817607	552769
311	1817612	552770
312	1817617	552772
313	1817623	552774
314	1817628	552774
315	1817634	552777
316	1817637	552778
317	1817643	552779
318	1817650	552781
319	1817654	552784
320	1817660	552786
321	1817662	552787
322	1817662	552790
323	1817660	552791
324	1817660	552793
325	1817659	552795
326	1817657	552796
327	1817656	552799
328	1817653	552801
329	1817654	552803
330	1817654	552807
331	1817653	552811
332	1817652	552816
333	1817653	552823
334	1817647	552828
335	1817642	552834
336	1817634	552836
337	1817625	552837
338	1817616	552838
339	1817607	552838
340	1817599	552841
341	1817592	552843
342	1817586	552848
343	1817580	552853
344	1817577	552860
345	1817573	552865
346	1817571	552870
347	1817567	552875
348	1817563	552880
349	1817560	552886
350	1817558	552892
351	1817555	552898
352	1817552	552905
353	1817552	552910
354	1817557	552911
355	1817558	552918
356	1817554	552928
357	1817548	552936
358	1817543	552944
359	1817535	552951
360	1817528	552958
361	1817524	552968
362	1817521	552977
363	1817512	552982
364	1817502	552984
365	1817493	552988
366	1817485	552991
367	1817478	552995
368	1817473	552996
369	1817468	553000
370	1817461	553004
371	1817456	553010
372	1817451	553015
373	1817447	553021
374	1817443	553028
375	1817438	553033
376	1817433	553036
377	1817429	553038
378	1817424	553037
379	1817419	553037
380	1817411	553036
381	1817404	553033
382	1817399	553029
383	1817395	553030
384	1817389	553028
385	1817387	553026
386	1817386	553025
387	1817387	553023
388	1817388	553020
389	1817391	553018
390	1817392	553015
391	1817393	553014
392	1817394	553011
393	1817393	553005
394	1817392	553005
395	1817391	553004
396	1817389	553006
397	1817387	553006
398	1817383	553007
399	1817378	553007
400	1817374	553007
401	1817372	553001
402	1817373	552994
403	1817373	552988
404	1817374	552982
405	1817378	552976
406	1817384	552973
407	1817388	552970
408	1817395	552968
409	1817402	552965
410	1817402	552959
411	1817401	552953
412	1817402	552947
413	1817402	552941
414	1817408	552937
415	1817415	552931
416	1817419	552923
417	1817418	552916
418	1817420	552909
419	1817422	552900
420	1817424	552893
421	1817427	552889
422	1817430	552884
423	1817433	552877
424	1817437	552870
425	1817447	552867
426	1817456	552862
427	1817457	552856
428	1817459	552849
429	1817461	552842
430	1817464	552837
431	1817465	552832
432	1817467	552825
433	1817470	552823
434	1817472	552822
435	1817474	552819
436	1817479	552820
437	1817486	552822
438	1817488	552817
439	1817487	552813
440	1817487	552810
441	1817488	552805
442	1817487	552802
443	1817487	552803
444	1817487	552801
445	1817484	552797
446	1817480	552790
447	1817476	552784
448	1817473	552780
449	1817470	552773
450	1817464	552770
451	1817457	552768
452	1817451	552764
453	1817442	552767
454	1817435	552768
455	1817429	552772
456	1817422	552772
457	1817417	552778
458	1817413	552779
459	1817415	552779
460	1817414	552778
461	1817415	552779
462	1817415	552779
463	1817413	552793
464	1817406	552824
465	1817397	552847
466	1817387	552862
467	1817376	552880
468	1817361	552889
469	1817345	552902
470	1817336	552920
471	1817335	552936
472	1817328	552950
473	1817315	552962
474	1817301	552968
475	1817285	552970
476	1817274	552973
477	1817263	552980
478	1817256	552993
479	1817251	553006
480	1817247	553017
481	1817248	553030
482	1817249	553043
483	1817247	553060
484	1817245	553089
485	1817246	553110
486	1817258	553131
487	1817267	553145
488	1817266	553162
489	1817259	553178
490	1817249	553197
491	1817239	553216
492	1817227	553228
493	1817214	553243
494	1817203	553256
495	1817192	553273
496	1817175	553283
497	1817157	553295
498	1817164	553323
499	1817166	553350
500	1817165	553378
501	1817162	553408
502	1817161	553429
503	1817163	553439
504	1817165	553447
505	1817165	553454
506	1817166	553459
507	1817165	553466
508	1817164	553469
509	1817163	553480
510	1817159	553490
511	1817158	553497
512	1817162	553505
513	1817167	553514
514	1817166	553527
515	1817117	553523
516	1817066	553526
517	1817050	553533
518	1817037	553542
519	1817001	553573
520	1816952	553604
521	1816931	553615
522	1816928	553617
523	1816927	553619
524	1816927	553620
525	1817281	554071
526	1817281	554071
527	1817280	554071
528	1817280	554072
529	1817280	554072
530	1817279	554072
531	1817278	554071
532	1817277	554071
533	1817281	554070
534	1817281	554059
535	1817279	554050
536	1817278	554044
537	1817273	554042
538	1817268	554045
539	1817261	554046
540	1817253	554045
541	1817246	554042
542	1817240	554039
543	1817233	554034
544	1817230	554029
545	1817227	554024
546	1817224	554022
547	1817219	554023
548	1817214	554026
549	1817211	554028
550	1817208	554029
551	1817204	554031
552	1817201	554034
553	1817198	554036
554	1817193	554038
555	1817191	554040
556	1817186	554041
557	1817183	554043
558	1817181	554044
559	1817177	554047
560	1817174	554050
561	1817171	554050
562	1817168	554053
563	1817164	554057
564	1817162	554059
565	1817163	554062
566	1817165	554064
567	1817167	554066
568	1817170	554068
569	1817172	554071
570	1817172	554073
571	1817171	554075
572	1817171	554079
573	1817171	554082
574	1817170	554085
575	1817169	554089
576	1817168	554093
577	1817168	554095
578	1817169	554098
579	1817167	554103
580	1817167	554108
581	1817169	554112
582	1817169	554116
583	1817172	554120
584	1817176	554125
585	1817179	554129
586	1817181	554131
587	1817185	554136
588	1817188	554139
589	1817192	554143
590	1817194	554147
591	1817197	554151
592	1817200	554153
593	1817202	554156
594	1817206	554160
595	1817210	554164
596	1817213	554167
597	1817215	554170
598	1817216	554173
599	1817219	554174
600	1817221	554177
601	1817222	554179
602	1817222	554182
603	1817224	554183
604	1817227	554185
605	1817232	554188
606	1817235	554191
607	1817236	554191
608	1817239	554192
609	1817243	554193
610	1817247	554194
611	1817250	554194
612	1817254	554197
613	1817256	554197
614	1817258	554198
615	1817261	554199
616	1817261	554200
617	1817263	554201
618	1817265	554201
619	1817268	554198
620	1817271	554196
621	1817271	554195
622	1817273	554193
623	1817274	554192
624	1817278	554189
625	1817280	554188
626	1817281	554186
627	1817282	554185
628	1817283	554185
629	1817282	554182
630	1817284	554181
631	1817285	554180
632	1817285	554179
633	1817285	554179
634	1817287	554178
635	1817288	554176
636	1817289	554175
637	1817289	554174
638	1817292	554173
639	1817293	554172
640	1817294	554171
641	1817296	554169
642	1817297	554169
643	1817298	554169
644	1817300	554169
645	1817301	554169
646	1817303	554168
647	1817306	554167
648	1817307	554166
649	1817308	554166
650	1817311	554163
651	1817315	554161
652	1817319	554157
653	1817322	554155
654	1817327	554153
655	1817332	554151
656	1817333	554151
657	1817335	554150
658	1817339	554150
659	1817342	554150
660	1817344	554149
661	1817346	554150
662	1817347	554151
663	1817349	554152
664	1817352	554154
665	1817354	554156
666	1817356	554157
667	1817357	554158
668	1817360	554158
669	1817363	554159
670	1817365	554159
671	1817370	554158
672	1817373	554155
673	1817376	554153
674	1817378	554151
675	1817381	554151
676	1817376	554142
677	1817369	554133
678	1817361	554125
679	1817353	554118
680	1817344	554112
681	1817335	554107
682	1817326	554102
683	1817318	554095
684	1817310	554090
685	1817301	554085
686	1817294	554079
687	1817291	554076
688	1817291	554075
689	1818505	554445
690	1818505	554445
691	1818506	554444
692	1818505	554445
693	1818506	554444
694	1818520	554437
695	1818549	554428
696	1818570	554418
697	1818583	554412
698	1818596	554404
699	1818608	554391
700	1818620	554381
701	1818631	554370
702	1818640	554362
703	1818649	554355
704	1818657	554353
705	1818669	554351
706	1818682	554346
707	1818692	554340
708	1818698	554328
709	1818706	554317
710	1818716	554311
711	1818723	554305
712	1818727	554297
713	1818728	554287
714	1818723	554280
715	1818727	554270
716	1818733	554255
717	1818740	554239
718	1818747	554221
719	1818754	554202
720	1818769	554183
721	1818778	554171
722	1818791	554156
723	1818805	554140
724	1818814	554129
725	1818826	554120
726	1818835	554117
727	1818846	554112
728	1818857	554110
729	1818858	554110
730	1818860	554110
731	1818867	554108
732	1818879	554103
733	1818883	554101
734	1818885	554102
735	1818889	554103
736	1818891	554106
737	1818897	554109
738	1818902	554105
739	1818906	554105
740	1818910	554106
741	1818912	554111
742	1818912	554117
743	1818911	554121
744	1818912	554124
745	1818913	554128
746	1818915	554132
747	1818913	554138
748	1818912	554143
749	1818911	554147
750	1818912	554153
751	1818913	554158
752	1818913	554161
753	1818908	554162
754	1818908	554165
755	1818907	554169
756	1818907	554172
757	1818907	554176
758	1818904	554178
759	1818903	554180
760	1818902	554184
761	1818898	554186
762	1818895	554190
763	1818891	554193
764	1818887	554196
765	1818886	554196
766	1818886	554195
767	1818885	554194
768	1818884	554195
769	1818882	554198
770	1818880	554201
771	1818876	554203
772	1818871	554202
773	1818869	554202
774	1818866	554203
775	1818865	554204
776	1818865	554204
777	1818862	554204
778	1818863	554202
779	1818863	554200
780	1818862	554199
781	1818860	554198
782	1818859	554194
783	1818855	554191
784	1818852	554186
785	1818850	554182
786	1818851	554180
787	1818848	554175
788	1818842	554173
789	1818839	554170
790	1818837	554165
791	1818836	554160
792	1818835	554159
793	1818834	554157
794	1818831	554155
795	1818831	554154
796	1818831	554152
797	1818830	554150
798	1818829	554147
799	1818829	554143
800	1818827	554139
801	1818825	554134
802	1818826	554132
803	1818828	554129
804	1818833	554127
805	1818839	554125
806	1818844	554123
807	1818850	554121
808	1818854	554119
809	1818860	554117
810	1818865	554118
811	1818869	554116
812	1818874	554114
813	1818878	554114
814	1818885	554112
815	1818893	554109
816	1818889	554102
817	1818883	554102
818	1818884	554101
819	1818886	554100
820	1818886	554099
821	1818882	554102
822	1818872	554108
823	1818863	554112
824	1818851	554115
825	1818843	554117
826	1818830	554121
827	1818816	554132
828	1818802	554147
829	1818785	554165
830	1818772	554180
831	1818762	554192
832	1818749	554214
833	1818738	554241
834	1818731	554260
835	1818722	554279
836	1818722	554282
837	1818725	554286
838	1818726	554297
839	1818721	554311
840	1818716	554330
841	1818703	554343
842	1818689	554345
843	1818674	554350
844	1818660	554355
845	1818650	554356
846	1818643	554360
847	1818636	554366
848	1818626	554377
849	1818616	554385
850	1818606	554396
851	1818592	554408
852	1818580	554415
853	1818570	554419
854	1818550	554427
855	1818525	554436
856	1818505	554444
857	1818503	554444
858	1817592	553616
859	1817592	553616
860	1817593	553617
861	1817593	553616
862	1817594	553617
863	1817598	553619
864	1817598	553622
865	1817596	553628
866	1817592	553636
867	1817587	553642
868	1817585	553647
869	1817583	553651
870	1817581	553656
871	1817577	553661
872	1817574	553668
873	1817569	553676
874	1817564	553681
875	1817561	553685
876	1817558	553688
877	1817557	553691
878	1817554	553695
879	1817549	553700
880	1817551	553704
881	1817556	553704
882	1817562	553705
883	1817566	553705
884	1817572	553709
885	1817579	553708
886	1817583	553708
887	1817589	553709
888	1817596	553709
889	1817603	553712
890	1817610	553714
891	1817615	553714
892	1817623	553712
893	1817630	553714
894	1817635	553714
895	1817640	553717
896	1817647	553717
897	1817654	553716
898	1817660	553713
899	1817666	553713
900	1817673	553714
901	1817678	553713
902	1817682	553708
903	1817687	553703
904	1817685	553699
905	1817684	553694
906	1817682	553690
907	1817681	553687
908	1817680	553683
909	1817680	553679
910	1817679	553676
911	1817678	553671
912	1817677	553666
913	1817677	553661
914	1817677	553657
915	1817678	553653
916	1817682	553649
917	1817684	553646
918	1817686	553644
919	1817689	553641
920	1817688	553639
921	1817689	553637
922	1817687	553636
923	1817686	553635
924	1817686	553632
925	1817681	553629
926	1817678	553623
927	1817674	553619
928	1817669	553617
929	1817666	553618
930	1817660	553619
931	1817656	553620
932	1817657	553618
933	1817653	553617
934	1817651	553615
935	1817649	553613
936	1817645	553613
937	1817642	553612
938	1817639	553610
939	1817634	553607
940	1817626	553609
941	1817616	553611
942	1817608	553613
943	1817599	553615
944	1817596	553613
945	1817082	553857
946	1817083	553857
947	1817083	553856
948	1817082	553857
949	1817082	553859
950	1817081	553868
951	1817074	553882
952	1817058	553894
953	1817047	553906
954	1817043	553921
955	1817039	553936
956	1817036	553948
957	1817033	553952
958	1817031	553947
959	1817027	553942
960	1817023	553938
961	1817020	553935
962	1817019	553931
963	1817014	553925
964	1817011	553921
965	1817008	553916
966	1817006	553911
967	1817001	553906
968	1816999	553902
969	1816997	553897
970	1816998	553896
971	1816993	553892
972	1816993	553886
973	1816992	553881
974	1816991	553876
975	1816988	553875
976	1816985	553876
977	1816982	553878
978	1816980	553880
979	1816975	553880
980	1816972	553879
981	1816969	553885
982	1816963	553886
983	1816960	553887
984	1816959	553888
985	1816957	553888
986	1816955	553890
987	1816954	553893
988	1816952	553896
989	1816948	553900
990	1816946	553904
991	1816941	553906
992	1816937	553906
993	1816937	553907
994	1816935	553909
995	1816933	553911
996	1816928	553911
997	1816924	553911
998	1816919	553910
999	1816917	553910
1000	1816912	553912
1001	1816912	553913
1002	1816912	553914
1003	1816913	553915
1004	1816915	553918
1005	1816916	553921
1006	1816914	553921
1007	1816918	553922
1008	1816919	553922
1009	1816924	553923
1010	1816927	553925
1011	1816932	553928
1012	1816938	553930
1013	1816942	553934
1014	1816944	553939
1015	1816943	553944
1016	1816942	553949
1017	1816940	553954
1018	1816938	553958
1019	1816937	553963
1020	1816938	553966
1021	1816936	553969
1022	1816933	553972
1023	1816933	553976
1024	1816929	553977
1025	1816924	553976
1026	1816923	553974
1027	1816921	553974
1028	1816917	553974
1029	1816913	553974
1030	1816911	553975
1031	1816908	553977
1032	1816904	553979
1033	1816901	553980
1034	1816899	553983
1035	1816893	553982
1036	1816890	553983
1037	1816887	553982
1038	1816885	553983
1039	1816885	553987
1040	1816884	553990
1041	1816884	553992
1042	1816884	553996
1043	1816882	554000
1044	1816882	554003
1045	1816882	554005
1046	1816882	554007
1047	1816881	554012
1048	1816881	554014
1049	1816882	554014
1050	1816880	554016
1051	1816878	554018
1052	1816877	554018
1053	1816877	554018
1054	1816877	554019
1055	1816875	554021
1056	1816875	554021
1057	1816874	554022
1058	1816873	554023
1059	1816873	554024
1060	1816873	554024
1061	1816872	554027
1062	1816874	554028
1063	1816874	554030
1064	1816875	554032
1065	1816875	554034
1066	1816875	554036
1067	1816877	554037
1068	1816877	554038
1069	1816878	554039
1070	1816876	554039
1071	1816875	554040
1072	1816877	554044
1073	1816879	554045
1074	1816879	554047
1075	1816880	554048
1076	1816879	554050
1077	1816879	554052
1078	1816881	554052
1079	1816882	554053
1080	1816884	554052
1081	1816884	554054
1082	1816887	554053
1083	1816888	554051
1084	1816889	554051
1085	1816894	554049
1086	1816896	554050
1087	1816900	554050
1088	1816906	554050
1089	1816911	554051
1090	1816915	554052
1091	1816920	554055
1092	1816924	554055
1093	1816930	554055
1094	1816935	554050
1095	1816942	554044
1096	1816947	554038
1097	1816954	554033
1098	1816960	554037
1099	1816961	554043
1100	1816965	554046
1101	1816969	554048
1102	1816975	554048
1103	1816979	554047
1104	1816982	554049
1105	1816985	554049
1106	1816988	554050
1107	1816991	554048
1108	1816995	554045
1109	1816998	554043
1110	1816998	554043
1111	1817000	554043
1112	1817002	554041
1113	1817003	554040
1114	1817004	554039
1115	1817007	554038
1116	1817008	554041
1117	1817009	554041
1118	1817011	554040
1119	1817010	554038
1120	1817012	554038
1121	1817012	554035
1122	1817012	554037
1123	1817011	554038
1124	1817014	554038
1125	1817015	554038
1126	1817016	554037
1127	1817019	554035
1128	1817018	554036
1129	1817017	554033
1130	1817020	554035
1131	1817020	554035
1132	1817022	554037
1133	1817026	554040
1134	1817028	554042
1135	1817031	554047
1136	1817035	554050
1137	1817037	554053
1138	1817041	554050
1139	1817043	554044
1140	1817044	554039
1141	1817046	554037
1142	1817048	554035
1143	1817051	554033
1144	1817055	554029
1145	1817058	554026
1146	1817062	554025
1147	1817064	554022
1148	1817065	554018
1149	1817064	554012
1150	1817063	554008
1151	1817062	554005
1152	1817063	554000
1153	1817066	553996
1154	1817068	553993
1155	1817069	553988
1156	1817067	553983
1157	1817068	553978
1158	1817070	553973
1159	1817068	553972
1160	1817064	553970
1161	1817061	553968
1162	1817058	553966
1163	1817056	553963
1164	1817054	553961
1165	1817051	553960
1166	1817049	553958
1167	1817045	553958
1168	1817043	553957
1169	1817043	553956
1170	1817042	553955
1171	1817039	553955
1172	1817037	553952
1173	1817037	553948
1174	1817038	553942
1175	1817040	553936
1176	1817041	553930
1177	1817043	553923
1178	1817044	553920
1179	1817045	553913
1180	1817048	553906
1181	1817050	553901
1182	1817057	553893
1183	1817065	553888
1184	1817073	553884
1185	1817080	553877
1186	1817082	553869
1187	1817084	553860
1188	1817084	553858
1189	1817681	554419
1190	1817680	554419
1191	1817681	554419
1192	1817681	554420
1193	1817679	554418
1194	1817670	554418
1195	1817666	554429
1196	1817665	554439
1197	1817660	554449
1198	1817659	554460
1199	1817662	554469
1200	1817662	554473
1201	1817660	554476
1202	1817660	554486
1203	1817662	554497
1204	1817657	554505
1205	1817656	554515
1206	1817662	554522
1207	1817670	554526
1208	1817675	554519
1209	1817684	554516
1210	1817694	554514
1211	1817701	554511
1212	1817709	554507
1213	1817715	554505
1214	1817719	554506
1215	1817721	554509
1216	1817723	554510
1217	1817725	554512
1218	1817723	554520
1219	1817720	554526
1220	1817718	554535
1221	1817718	554544
1222	1817721	554552
1223	1817729	554554
1224	1817738	554555
1225	1817746	554558
1226	1817755	554562
1227	1817761	554567
1228	1817770	554571
1229	1817778	554576
1230	1817784	554583
1231	1817791	554589
1232	1817797	554594
1233	1817803	554599
1234	1817808	554605
1235	1817813	554613
1236	1817819	554619
1237	1817823	554625
1238	1817829	554632
1239	1817836	554637
1240	1817837	554630
1241	1817839	554622
1242	1817843	554615
1243	1817850	554611
1244	1817854	554605
1245	1817850	554597
1246	1817844	554588
1247	1817838	554578
1248	1817834	554567
1249	1817829	554556
1250	1817826	554542
1251	1817825	554532
1252	1817825	554522
1253	1817824	554513
1254	1817820	554501
1255	1817815	554490
1256	1817809	554482
1257	1817801	554476
1258	1817794	554468
1259	1817786	554461
1260	1817779	554457
1261	1817772	554453
1262	1817766	554447
1263	1817758	554444
1264	1817748	554442
1265	1817739	554439
1266	1817730	554435
1267	1817719	554432
1268	1817709	554429
1269	1817699	554427
1270	1817690	554423
1271	1817686	554421
1272	1817685	554421
1273	1817958	554684
1274	1817959	554684
1275	1817960	554684
1276	1817961	554683
1277	1817960	554683
1278	1817963	554677
1279	1817960	554667
1280	1817957	554660
1281	1817954	554652
1282	1817949	554646
1283	1817942	554637
1284	1817936	554627
1285	1817929	554617
1286	1817931	554610
1287	1817931	554603
1288	1817936	554602
1289	1817939	554597
1290	1817945	554593
1291	1817949	554587
1292	1817951	554582
1293	1817949	554575
1294	1817946	554571
1295	1817946	554565
1296	1817945	554559
1297	1817951	554560
1298	1817956	554561
1299	1817962	554560
1300	1817965	554557
1301	1817971	554557
1302	1817978	554555
1303	1817981	554552
1304	1817989	554551
1305	1817992	554555
1306	1817993	554558
1307	1817995	554560
1308	1817998	554564
1309	1817998	554569
1310	1818001	554571
1311	1818003	554576
1312	1818003	554578
1313	1818006	554579
1314	1818009	554584
1315	1818012	554587
1316	1818015	554592
1317	1818016	554598
1318	1818017	554603
1319	1818021	554609
1320	1818023	554613
1321	1818026	554618
1322	1818034	554620
1323	1818040	554623
1324	1818042	554629
1325	1818041	554634
1326	1818042	554641
1327	1818044	554647
1328	1818045	554652
1329	1818043	554658
1330	1818037	554664
1331	1818032	554666
1332	1818024	554667
1333	1818017	554670
1334	1818012	554674
1335	1818005	554678
1336	1817997	554678
1337	1817990	554678
1338	1817978	554680
1339	1817975	554683
1340	1817969	554688
1341	1817450	554422
1342	1817451	554422
1343	1817450	554422
1344	1817450	554421
1345	1817450	554422
1346	1817449	554423
1347	1817435	554435
1348	1817412	554446
1349	1817385	554449
1350	1817360	554449
1351	1817334	554448
1352	1817307	554443
1353	1817278	554439
1354	1817252	554432
1355	1817229	554424
1356	1817211	554421
1357	1817207	554417
1358	1817206	554417
1359	1817205	554411
1360	1817204	554402
1361	1817204	554392
1362	1817208	554381
1363	1817212	554371
1364	1817216	554361
1365	1817220	554351
1366	1817222	554342
1367	1817224	554334
1368	1817223	554326
1369	1817218	554318
1370	1817211	554317
1371	1817206	554315
1372	1817203	554313
1373	1817201	554312
1374	1817199	554312
1375	1817195	554312
1376	1817192	554312
1377	1817191	554313
1378	1817190	554315
1379	1817187	554317
1380	1817184	554315
1381	1817180	554313
1382	1817177	554313
1383	1817173	554315
1384	1817170	554314
1385	1817168	554313
1386	1817164	554315
1387	1817161	554315
1388	1817158	554316
1389	1817154	554315
1390	1817154	554314
1391	1817149	554315
1392	1817147	554318
1393	1817145	554319
1394	1817144	554320
1395	1817141	554319
1396	1817140	554320
1397	1817137	554320
1398	1817134	554320
1399	1817131	554321
1400	1817129	554320
1401	1817127	554318
1402	1817124	554316
1403	1817120	554317
1404	1817118	554317
1405	1817115	554316
1406	1817111	554313
1407	1817107	554312
1408	1817105	554310
1409	1817104	554310
1410	1817101	554309
1411	1817099	554307
1412	1817097	554306
1413	1817091	554306
1414	1817085	554308
1415	1817082	554310
1416	1817081	554310
1417	1817078	554308
1418	1817075	554305
1419	1817074	554302
1420	1817073	554298
1421	1817073	554294
1422	1817072	554291
1423	1817073	554287
1424	1817073	554285
1425	1817073	554282
1426	1817071	554278
1427	1817070	554275
1428	1817067	554269
1429	1817066	554267
1430	1817066	554265
1431	1817065	554262
1432	1817064	554258
1433	1817064	554256
1434	1817068	554253
1435	1817070	554249
1436	1817072	554249
1437	1817078	554249
1438	1817079	554249
1439	1817081	554246
1440	1817081	554247
1441	1817082	554244
1442	1817082	554242
1443	1817083	554239
1444	1817084	554235
1445	1817085	554231
1446	1817086	554229
1447	1817088	554228
1448	1817089	554226
1449	1817090	554227
1450	1817091	554225
1451	1817091	554222
1452	1817092	554221
1453	1817092	554219
1454	1817093	554217
1455	1817094	554215
1456	1817094	554214
1457	1817094	554212
1458	1817095	554210
1459	1817095	554209
1460	1817095	554209
1461	1817096	554208
1462	1817096	554206
1463	1817097	554204
1464	1817099	554204
1465	1817101	554203
1466	1817102	554203
1467	1817104	554202
1468	1817106	554201
1469	1817108	554202
1470	1817111	554204
1471	1817113	554203
1472	1817116	554204
1473	1817118	554204
1474	1817123	554204
1475	1817126	554205
1476	1817129	554204
1477	1817135	554205
1478	1817139	554206
1479	1817143	554208
1480	1817145	554208
1481	1817147	554205
1482	1817149	554202
1483	1817152	554200
1484	1817153	554202
1485	1817154	554205
1486	1817154	554208
1487	1817155	554211
1488	1817155	554214
1489	1817154	554218
1490	1817154	554220
1491	1817154	554222
1492	1817153	554224
1493	1817153	554226
1494	1817152	554229
1495	1817151	554232
1496	1817152	554235
1497	1817153	554237
1498	1817154	554238
1499	1817154	554239
1500	1817155	554240
1501	1817156	554242
1502	1817157	554243
1503	1817159	554244
1504	1817159	554246
1505	1817161	554250
1506	1817161	554252
1507	1817165	554257
1508	1817168	554258
1509	1817172	554261
1510	1817175	554263
1511	1817178	554265
1512	1817178	554267
1513	1817180	554269
1514	1817185	554270
1515	1817189	554270
1516	1817192	554269
1517	1817194	554269
1518	1817196	554269
1519	1817199	554269
1520	1817202	554269
1521	1817204	554271
1522	1817206	554273
1523	1817209	554274
1524	1817212	554275
1525	1817215	554275
1526	1817220	554276
1527	1817225	554277
1528	1817229	554275
1529	1817237	554276
1530	1817241	554281
1531	1817245	554286
1532	1817249	554291
1533	1817252	554294
1534	1817256	554296
1535	1817262	554298
1536	1817268	554300
1537	1817272	554301
1538	1817275	554305
1539	1817276	554309
1540	1817276	554314
1541	1817273	554316
1542	1817266	554314
1543	1817256	554312
1544	1817249	554310
1545	1817244	554315
1546	1817240	554319
1547	1817237	554324
1548	1817233	554328
1549	1817229	554329
1550	1817226	554327
1551	1817222	554320
1552	1817223	554311
1553	1817218	554305
1554	1817213	554301
1555	1817210	554296
1556	1817209	554291
1557	1817209	554287
1558	1817208	554284
1559	1817205	554282
1560	1817203	554277
1561	1817201	554275
1562	1817196	554273
1563	1817192	554274
1564	1817186	554274
1565	1817181	554271
1566	1817178	554267
1567	1817174	554265
1568	1817172	554261
1569	1817167	554259
1570	1817170	554258
1571	1817174	554259
1572	1817176	554258
1573	1817177	554256
1574	1817178	554256
1575	1817181	554255
1576	1817183	554253
1577	1817182	554247
1578	1817184	554246
1579	1817185	554245
1580	1817186	554243
1581	1817188	554245
1582	1817190	554243
1583	1817192	554243
1584	1817193	554242
1585	1817195	554240
1586	1817198	554240
1587	1817199	554239
1588	1817200	554238
1589	1817203	554239
1590	1817206	554239
1591	1817207	554239
1592	1817208	554240
1593	1817209	554242
1594	1817211	554241
1595	1817221	554239
1596	1817232	554235
1597	1817242	554235
1598	1817251	554236
1599	1817256	554233
1600	1817258	554229
1601	1817260	554225
1602	1817267	554219
1603	1817266	554214
1604	1817267	554208
1605	1817269	554203
1606	1817265	554202
1607	1817262	554199
1608	1817258	554197
1609	1817250	554194
1610	1817242	554194
1611	1817236	554192
1612	1817232	554190
1613	1817228	554186
1614	1817225	554186
1615	1817221	554180
1616	1817218	554175
1617	1817214	554172
1618	1817212	554169
1619	1817208	554163
1620	1817203	554159
1621	1817199	554152
1622	1817194	554147
1623	1817192	554145
1624	1817186	554139
1625	1817181	554137
1626	1817177	554131
1627	1817172	554123
1628	1817168	554118
1629	1817167	554110
1630	1817167	554104
1631	1817169	554097
1632	1817170	554093
1633	1817171	554085
1634	1817172	554079
1635	1817173	554074
1636	1817175	554071
1637	1817169	554068
1638	1817161	554066
1639	1817157	554063
1640	1817149	554061
1641	1817144	554061
1642	1817138	554059
1643	1817132	554057
1644	1817128	554055
1645	1817127	554053
1646	1817124	554052
1647	1817121	554052
1648	1817121	554055
1649	1817120	554057
1650	1817120	554062
1651	1817118	554065
1652	1817117	554071
1653	1817116	554074
1654	1817114	554077
1655	1817113	554084
1656	1817116	554092
1657	1817116	554095
1658	1817116	554099
1659	1817115	554105
1660	1817111	554110
1661	1817107	554113
1662	1817101	554119
1663	1817093	554121
1664	1817087	554123
1665	1817086	554128
1666	1817085	554135
1667	1817087	554141
1668	1817085	554147
1669	1817084	554150
1670	1817082	554151
1671	1817083	554155
1672	1817083	554156
1673	1817082	554157
1674	1817081	554158
1675	1817080	554161
1676	1817080	554163
1677	1817079	554165
1678	1817079	554169
1679	1817079	554172
1680	1817079	554175
1681	1817079	554180
1682	1817081	554179
1683	1817083	554179
1684	1817085	554183
1685	1817086	554184
1686	1817089	554187
1687	1817093	554187
1688	1817098	554188
1689	1817103	554187
1690	1817111	554189
1691	1817115	554189
1692	1817118	554189
1693	1817123	554191
1694	1817130	554192
1695	1817136	554195
1696	1817139	554196
1697	1817143	554198
1698	1817145	554197
1699	1817149	554197
1700	1817155	554198
1701	1817157	554202
1702	1817157	554203
1703	1817158	554204
1704	1817157	554207
1705	1817156	554212
1706	1817156	554213
1707	1817158	554213
1708	1817158	554217
1709	1817157	554217
1710	1817156	554219
1711	1817156	554222
1712	1817155	554224
1713	1817154	554224
1714	1817155	554226
1715	1817156	554227
1716	1817155	554230
1717	1817155	554232
1718	1817154	554234
1719	1817155	554237
1720	1817156	554239
1721	1817157	554239
1722	1817159	554242
1723	1817161	554245
1724	1817161	554249
1725	1817161	554251
1726	1817162	554255
1727	1817169	554258
1728	1817168	554259
1729	1817172	554263
1730	1817177	554266
1731	1817180	554269
1732	1817184	554273
1733	1817192	554274
1734	1817193	554277
1735	1817198	554279
1736	1817201	554282
1737	1817203	554282
1738	1817205	554286
1739	1817205	554288
1740	1817209	554293
1741	1817212	554299
1742	1817212	554307
1743	1817215	554311
1744	1817218	554315
1745	1817222	554322
1746	1817225	554328
1747	1817225	554336
1748	1817223	554343
1749	1817222	554350
1750	1817220	554359
1751	1817215	554369
1752	1817212	554377
1753	1817209	554385
1754	1817206	554396
1755	1817208	554407
1756	1817208	554415
1757	1817212	554422
1758	1817219	554424
1759	1817239	554429
1760	1817261	554439
1761	1817287	554443
1762	1817319	554447
1763	1817347	554452
1764	1817371	554456
1765	1817394	554451
1766	1817420	554449
1767	1817441	554439
1768	1817450	554429
1769	1817444	554431
1770	1817438	554436
1771	1817434	554441
1772	1817431	554447
1773	1817427	554454
1774	1817422	554461
1775	1817420	554470
1776	1817418	554478
1777	1817414	554478
1778	1817409	554478
1779	1817404	554477
1780	1817398	554476
1781	1817395	554477
1782	1817391	554477
1783	1817387	554477
1784	1817384	554478
1785	1817381	554479
1786	1817377	554479
1787	1817374	554480
1788	1817370	554480
1789	1817365	554481
1790	1817362	554482
1791	1817357	554482
1792	1817352	554483
1793	1817347	554484
1794	1817343	554484
1795	1817336	554487
1796	1817331	554489
1797	1817324	554488
1798	1817318	554487
1799	1817314	554487
1800	1817311	554487
1801	1817309	554487
1802	1817303	554487
1803	1817297	554486
1804	1817292	554489
1805	1817285	554492
1806	1817282	554493
1807	1817278	554494
1808	1817272	554496
1809	1817268	554497
1810	1817264	554497
1811	1817258	554499
1812	1817256	554500
1813	1817254	554501
1814	1817252	554503
1815	1817250	554503
1816	1817247	554504
1817	1817245	554506
1818	1817243	554507
1819	1817240	554507
1820	1817237	554508
1821	1817234	554509
1822	1817233	554509
1823	1817232	554509
1824	1817230	554509
1825	1817230	554510
1826	1817225	554510
1827	1817224	554513
1828	1817222	554516
1829	1817222	554520
1830	1817222	554525
1831	1817222	554528
1832	1817220	554532
1833	1817217	554537
1834	1817214	554539
1835	1817212	554543
1836	1817210	554544
1837	1817209	554547
1838	1817208	554551
1839	1817206	554554
1840	1817205	554558
1841	1817204	554560
1842	1817202	554562
1843	1817200	554566
1844	1817198	554569
1845	1817198	554572
1846	1817196	554577
1847	1817195	554580
1848	1817195	554584
1849	1817193	554586
1850	1817192	554589
1851	1817191	554593
1852	1817190	554596
1853	1817191	554599
1854	1817189	554605
1855	1817188	554609
1856	1817187	554612
1857	1817185	554614
1858	1817184	554617
1859	1817183	554621
1860	1817181	554625
1861	1817178	554629
1862	1817175	554633
1863	1817174	554634
1864	1817174	554635
1865	1817174	554635
1866	1817171	554636
1867	1817169	554639
1868	1817166	554640
1869	1817166	554641
1870	1817164	554644
1871	1817164	554644
1872	1817164	554646
1873	1817160	554647
1874	1817157	554650
1875	1817154	554653
1876	1817150	554655
1877	1817148	554657
1878	1817147	554660
1879	1817146	554663
1880	1817144	554667
1881	1817141	554672
1882	1817141	554676
1883	1817141	554678
1884	1817139	554681
1885	1817137	554684
1886	1817136	554688
1887	1817136	554690
1888	1817136	554693
1889	1817135	554697
1890	1817135	554701
1891	1817134	554701
1892	1817134	554701
1893	1817133	554702
1894	1817132	554704
1895	1817131	554707
1896	1817129	554710
1897	1817126	554716
1898	1817126	554718
1899	1817125	554722
1900	1817124	554724
1901	1817123	554725
1902	1817123	554726
1903	1817121	554729
1904	1817122	554733
1905	1817122	554734
1906	1817122	554738
1907	1817122	554740
1908	1817122	554744
1909	1817122	554745
1910	1817121	554748
1911	1817122	554750
1912	1817122	554755
1913	1817121	554761
1914	1817122	554766
1915	1817120	554771
1916	1817121	554773
1917	1817127	554776
1918	1817134	554778
1919	1817141	554778
1920	1817149	554777
1921	1817158	554780
1922	1817166	554783
1923	1817170	554782
1924	1817178	554782
1925	1817187	554780
1926	1817195	554776
1927	1817205	554774
1928	1817214	554772
1929	1817222	554772
1930	1817232	554771
1931	1817240	554771
1932	1817241	554770
1933	1817242	554770
1934	1817242	554769
1935	1817243	554768
1936	1817243	554763
1937	1817244	554758
1938	1817245	554752
1939	1817246	554747
1940	1817246	554743
1941	1817248	554740
1942	1817249	554737
1943	1817250	554733
1944	1817251	554730
1945	1817253	554729
1946	1817254	554725
1947	1817255	554722
1948	1817255	554719
1949	1817256	554715
1950	1817256	554711
1951	1817257	554709
1952	1817257	554707
1953	1817258	554705
1954	1817259	554702
1955	1817260	554700
1956	1817261	554697
1957	1817261	554695
1958	1817261	554692
1959	1817260	554690
1960	1817261	554688
1961	1817265	554686
1962	1817269	554683
1963	1817274	554682
1964	1817279	554682
1965	1817282	554681
1966	1817287	554679
1967	1817290	554677
1968	1817294	554672
1969	1817298	554669
1970	1817302	554664
1971	1817306	554662
1972	1817311	554661
1973	1817316	554659
1974	1817316	554657
1975	1817320	554657
1976	1817324	554657
1977	1817329	554657
1978	1817332	554655
1979	1817338	554654
1980	1817340	554650
1981	1817340	554648
1982	1817339	554645
1983	1817340	554642
1984	1817341	554638
1985	1817343	554634
1986	1817342	554630
1987	1817342	554627
1988	1817346	554625
1989	1817348	554626
1990	1817352	554624
1991	1817356	554622
1992	1817358	554622
1993	1817361	554621
1994	1817366	554620
1995	1817371	554617
1996	1817376	554615
1997	1817379	554611
1998	1817384	554607
1999	1817388	554603
2000	1817393	554600
2001	1817396	554595
2002	1817401	554591
2003	1817403	554586
2004	1817405	554579
2005	1817408	554574
2006	1817412	554568
2007	1817413	554563
2008	1817416	554560
2009	1817418	554557
2010	1817421	554555
2011	1817423	554551
2012	1817427	554547
2013	1817431	554542
2014	1817434	554540
2015	1817437	554537
2016	1817439	554533
2017	1817443	554530
2018	1817447	554528
2019	1817451	554525
2020	1817453	554518
2021	1817453	554514
2022	1817453	554508
2023	1817454	554503
2024	1817454	554499
2025	1817454	554490
2026	1817452	554487
2027	1817444	554486
2028	1817439	554486
2029	1817434	554484
2030	1817428	554482
2031	1817423	554479
2032	1817419	554477
2033	1817418	554477
2034	1817420	554475
2035	1817423	554461
2036	1817432	554443
2037	1817442	554429
2038	1817450	554422
2039	1817451	554422
2040	1817496	554260
2041	1817496	554260
2042	1817496	554259
2043	1817497	554256
2044	1817499	554257
